rem Patch: 0, 0


rem Patch: 1, 0


rem Patch: 2, 0


rem Patch: 3, 0


rem Patch: 4, 0


rem Patch: 5, 0


rem Patch: 6, 0


rem Patch: 7, 0


rem Patch: 8, 0


rem Patch: 9, 0


rem Patch: 10, 0


rem Patch: 11, 0


rem Patch: 12, 0


rem Patch: 13, 0


rem Patch: 14, 0


rem Patch: 15, 0


rem Patch: 0, 1


rem Patch: 1, 1


rem Patch: 2, 1


rem Patch: 3, 1


rem Patch: 4, 1


rem Patch: 5, 1


rem Patch: 6, 1


rem Patch: 7, 1


rem Patch: 8, 1


rem Patch: 9, 1


rem Patch: 10, 1


rem Patch: 11, 1


rem Patch: 12, 1


rem Patch: 13, 1


rem Patch: 14, 1


rem Patch: 15, 1


rem Patch: 0, 2


rem Patch: 1, 2


rem Patch: 2, 2


rem Patch: 3, 2


rem Patch: 4, 2


rem Patch: 5, 2


rem Patch: 6, 2


rem Patch: 7, 2


rem Patch: 8, 2


rem Patch: 9, 2

Object.create nc_pinebig04
Object.absoluteTransformation [-0.989877/0/0.14193/0][0/1/0/0][-0.14193/0/-0.989877/0][181.445/309.865/-650.739/1]
Object.isOvergrowth 1

Object.create nc_pinebig03
Object.absoluteTransformation [-0.95057/0/-0.31051/0][0/1/0/0][0.31051/0/-0.95057/0][238.998/294.69/-695.434/1]
Object.isOvergrowth 1

Object.create nc_pine_cluster02
Object.absoluteTransformation [0.0485447/0/0.998821/0][0/1/0/0][-0.998821/0/0.0485447/0][226.767/295.277/-657.824/1]
Object.isOvergrowth 1

Object.create nc_pinebig01
Object.absoluteTransformation [-0.0625647/0/0.998041/0][0/1/0/0][-0.998041/0/-0.0625647/0][255.544/287.48/-645.22/1]
Object.isOvergrowth 1

Object.create nc_pinebig04
Object.absoluteTransformation [0.383094/0/0.923709/0][0/1/0/0][-0.923709/0/0.383094/0][187.889/306.552/-656.536/1]
Object.isOvergrowth 1

Object.create nc_pinebig04
Object.absoluteTransformation [0.269228/0/-0.963077/0][0/1/0/0][0.963077/0/0.269228/0][184.791/307.65/-662.791/1]
Object.isOvergrowth 1

Object.create nc_pine_cluster01
Object.absoluteTransformation [0.998857/0/-0.0478041/0][0/1/0/0][0.0478041/0/0.998857/0][227.512/297.286/-695.122/1]
Object.isOvergrowth 1

Object.create nc_pine_cluster02
Object.absoluteTransformation [-0.352563/0/0.935788/0][0/1/0/0][-0.935788/0/-0.352563/0][219.433/298.025/-672.33/1]
Object.isOvergrowth 1


rem Patch: 10, 2

Object.create nc_pinebig04
Object.absoluteTransformation [0.207116/0/-0.978316/0][0/1/0/0][0.978316/0/0.207116/0][341.985/294.032/-669.877/1]
Object.isOvergrowth 1

Object.create nc_pine_cluster01
Object.absoluteTransformation [0.998179/0/-0.0603234/0][0/1/0/0][0.0603234/0/0.998179/0][261.003/284.275/-723.286/1]
Object.isOvergrowth 1

Object.create nc_pine_cluster01
Object.absoluteTransformation [-0.323024/0/0.946391/0][0/1/0/0][-0.946391/0/-0.323024/0][287.087/277.219/-755.778/1]
Object.isOvergrowth 1

Object.create nc_pinebig04
Object.absoluteTransformation [-0.623951/0/-0.781463/0][0/1/0/0][0.781463/0/-0.623951/0][292.528/290.642/-653.741/1]
Object.isOvergrowth 1

Object.create nc_pine_cluster01
Object.absoluteTransformation [-0.995998/0/0.0893759/0][0/1/0/0][-0.0893759/0/-0.995998/0][362.391/294.829/-659.391/1]
Object.isOvergrowth 1

Object.create nc_pinebig01
Object.absoluteTransformation [-0.918288/0/0.395913/0][0/1/0/0][-0.395913/0/-0.918288/0][336.695/293.202/-649.821/1]
Object.isOvergrowth 1

Object.create nc_pine_cluster02
Object.absoluteTransformation [-0.167682/0/-0.985841/0][0/1/0/0][0.985841/0/-0.167682/0][322.225/293.095/-641.93/1]
Object.isOvergrowth 1

Object.create nc_pinebig03
Object.absoluteTransformation [0.519527/0/-0.854454/0][0/1/0/0][0.854454/0/0.519527/0][297.837/296.646/-647.04/1]
Object.isOvergrowth 1

Object.create nc_pine_cluster02
Object.absoluteTransformation [-0.953634/0/-0.300968/0][0/1/0/0][0.300968/0/-0.953634/0][286.387/291.801/-644.163/1]
Object.isOvergrowth 1

Object.create nc_pinebig03
Object.absoluteTransformation [-0.306232/0/-0.951957/0][0/1/0/0][0.951957/0/-0.306232/0][258.352/291.538/-657.223/1]
Object.isOvergrowth 1

Object.create nc_pinebig02
Object.absoluteTransformation [0.605874/0/0.795561/0][0/1/0/0][-0.795561/0/0.605874/0][375.593/286.002/-760.71/1]
Object.isOvergrowth 1

Object.create nc_pine_cluster02
Object.absoluteTransformation [-0.731822/0/-0.681496/0][0/1/0/0][0.681496/0/-0.731822/0][383.81/285.859/-763.654/1]
Object.isOvergrowth 1

Object.create nc_pinebig03
Object.absoluteTransformation [-0.608025/0/-0.793918/0][0/1/0/0][0.793918/0/-0.608025/0][375.75/291.974/-731.413/1]
Object.isOvergrowth 1

Object.create nc_pinebig01
Object.absoluteTransformation [-0.842522/0/-0.538662/0][0/1/0/0][0.538662/0/-0.842522/0][360.364/290.406/-703.148/1]
Object.isOvergrowth 1

Object.create nc_pinebig02
Object.absoluteTransformation [0.49789/0/-0.86724/0][0/1/0/0][0.86724/0/0.49789/0][268.878/275.589/-727.909/1]
Object.isOvergrowth 1

Object.create nc_pinebig04
Object.absoluteTransformation [-0.84165/0/0.540023/0][0/1/0/0][-0.540023/0/-0.84165/0][342.092/293.669/-648.48/1]
Object.isOvergrowth 1

Object.create nc_pine_cluster02
Object.absoluteTransformation [-0.698339/0/-0.715768/0][0/1/0/0][0.715768/0/-0.698339/0][317.317/293.127/-651.193/1]
Object.isOvergrowth 1

Object.create nc_pinebig01
Object.absoluteTransformation [0.994809/0/0.101758/0][0/1/0/0][-0.101758/0/0.994809/0][272.709/284.155/-658.346/1]
Object.isOvergrowth 1

Object.create nc_pinebig04
Object.absoluteTransformation [-0.745386/0/-0.666633/0][0/1/0/0][0.666633/0/-0.745386/0][332.671/293.879/-649.834/1]
Object.isOvergrowth 1

Object.create nc_pine_cluster02
Object.absoluteTransformation [0.907019/0/0.42109/0][0/1/0/0][-0.42109/0/0.907019/0][379.136/291.289/-694.927/1]
Object.isOvergrowth 1

Object.create nc_pinebig04
Object.absoluteTransformation [-0.864653/0/0.50237/0][0/1/0/0][-0.50237/0/-0.864653/0][322.614/293.091/-654.211/1]
Object.isOvergrowth 1

Object.create nc_pinebig04
Object.absoluteTransformation [-0.787167/0/-0.61674/0][0/1/0/0][0.61674/0/-0.787167/0][260.577/279.414/-733.377/1]
Object.isOvergrowth 1

Object.create nc_pine_cluster02
Object.absoluteTransformation [0.644985/0/0.764195/0][0/1/0/0][-0.764195/0/0.644985/0][379.614/290.202/-648.637/1]
Object.isOvergrowth 1

Object.create nc_pinebig02
Object.absoluteTransformation [0.442755/0/0.896643/0][0/1/0/0][-0.896643/0/0.442755/0][369.332/292.26/-704.073/1]
Object.isOvergrowth 1

Object.create nc_pinebig01
Object.absoluteTransformation [0.59812/0/0.801406/0][0/1/0/0][-0.801406/0/0.59812/0][274.978/274.133/-741.432/1]
Object.isOvergrowth 1

Object.create nc_pinebig02
Object.absoluteTransformation [0.902427/0/0.430843/0][0/1/0/0][-0.430843/0/0.902427/0][256.998/288.198/-650.858/1]
Object.isOvergrowth 1

Object.create nc_pine_cluster01
Object.absoluteTransformation [-0.997976/0/-0.0635911/0][0/1/0/0][0.0635911/0/-0.997976/0][333.504/297.791/-642.235/1]
Object.isOvergrowth 1

Object.create nc_pine_cluster02
Object.absoluteTransformation [0.766599/0/0.642126/0][0/1/0/0][-0.642126/0/0.766599/0][373.551/291.645/-693.407/1]
Object.isOvergrowth 1

Object.create nc_pine_cluster02
Object.absoluteTransformation [0.998135/0/0.0610523/0][0/1/0/0][-0.0610523/0/0.998135/0][383.863/289.883/-730.337/1]
Object.isOvergrowth 1

Object.create nc_pine_cluster02
Object.absoluteTransformation [-0.925961/0/0.37762/0][0/1/0/0][-0.37762/0/-0.925961/0][318.233/293.391/-646.724/1]
Object.isOvergrowth 1


rem Patch: 11, 2

Object.create nc_pine_cluster02
Object.absoluteTransformation [-0.964916/0/0.262559/0][0/1/0/0][-0.262559/0/-0.964916/0][395.801/290.141/-708.763/1]
Object.isOvergrowth 1

Object.create nc_pinebig04
Object.absoluteTransformation [-0.760272/0/0.649604/0][0/1/0/0][-0.649604/0/-0.760272/0][421.496/289.137/-715.419/1]
Object.isOvergrowth 1

Object.create nc_pinebig02
Object.absoluteTransformation [-0.770241/0/-0.637752/0][0/1/0/0][0.637752/0/-0.770241/0][401.227/290.722/-708.025/1]
Object.isOvergrowth 1

Object.create nc_pine_cluster02
Object.absoluteTransformation [-0.760199/0/0.64969/0][0/1/0/0][-0.64969/0/-0.760199/0][412.71/286.863/-689.575/1]
Object.isOvergrowth 1

Object.create nc_pinebig01
Object.absoluteTransformation [0.788158/0/0.615473/0][0/1/0/0][-0.615473/0/0.788158/0][434.78/289.015/-716.58/1]
Object.isOvergrowth 1

Object.create nc_pine_cluster01
Object.absoluteTransformation [-0.928197/0/0.37209/0][0/1/0/0][-0.37209/0/-0.928197/0][388.605/292.854/-654.302/1]
Object.isOvergrowth 1

Object.create nc_pinebig01
Object.absoluteTransformation [-0.961931/0/-0.273291/0][0/1/0/0][0.273291/0/-0.961931/0][406.312/290.163/-697.211/1]
Object.isOvergrowth 1

Object.create nc_pine_cluster02
Object.absoluteTransformation [0.97285/0/0.231435/0][0/1/0/0][-0.231435/0/0.97285/0][398.143/289.351/-651.894/1]
Object.isOvergrowth 1

Object.create nc_pine_cluster01
Object.absoluteTransformation [0.799652/0/-0.600463/0][0/1/0/0][0.600463/0/0.799652/0][420.905/289.002/-689.521/1]
Object.isOvergrowth 1

Object.create nc_pinebig02
Object.absoluteTransformation [-0.0369045/0/0.999319/0][0/1/0/0][-0.999319/0/-0.0369045/0][430.253/288.644/-703.733/1]
Object.isOvergrowth 1

Object.create nc_pine_cluster02
Object.absoluteTransformation [0.423739/0/-0.905784/0][0/1/0/0][0.905784/0/0.423739/0][392.185/289.868/-645.698/1]
Object.isOvergrowth 1

Object.create nc_pinebig02
Object.absoluteTransformation [0.511337/0/0.85938/0][0/1/0/0][-0.85938/0/0.511337/0][420.85/286.666/-702.639/1]
Object.isOvergrowth 1

Object.create nc_pinebig04
Object.absoluteTransformation [0.976233/0/-0.216722/0][0/1/0/0][0.216722/0/0.976233/0][429.851/287.223/-698.06/1]
Object.isOvergrowth 1

Object.create nc_pinebig01
Object.absoluteTransformation [0.0687577/0/0.997633/0][0/1/0/0][-0.997633/0/0.0687577/0][446.955/289.675/-652.487/1]
Object.isOvergrowth 1

Object.create nc_pinebig01
Object.absoluteTransformation [-0.583599/0/0.812042/0][0/1/0/0][-0.812042/0/-0.583599/0][415.355/286.376/-694.853/1]
Object.isOvergrowth 1

Object.create nc_pine_cluster01
Object.absoluteTransformation [-0.274289/0/0.961647/0][0/1/0/0][-0.961647/0/-0.274289/0][425.617/287.701/-678.065/1]
Object.isOvergrowth 1

Object.create nc_pine_cluster02
Object.absoluteTransformation [-0.888856/0/0.458187/0][0/1/0/0][-0.458187/0/-0.888856/0][413.021/289.868/-700.581/1]
Object.isOvergrowth 1

Object.create nc_pinebig01
Object.absoluteTransformation [0.836249/0/0.548349/0][0/1/0/0][-0.548349/0/0.836249/0][431.117/288.108/-711.803/1]
Object.isOvergrowth 1

Object.create nc_pinebig01
Object.absoluteTransformation [-0.091025/0/0.995849/0][0/1/0/0][-0.995849/0/-0.091025/0][432.756/288.43/-679.171/1]
Object.isOvergrowth 1

Object.create nc_pinebig04
Object.absoluteTransformation [0.602853/0/-0.797852/0][0/1/0/0][0.797852/0/0.602853/0][447.768/288.169/-643.696/1]
Object.isOvergrowth 1

Object.create nc_pine_cluster02
Object.absoluteTransformation [-0.989098/0/-0.147256/0][0/1/0/0][0.147256/0/-0.989098/0][452.017/290.818/-654.427/1]
Object.isOvergrowth 1

Object.create nc_pinebig01
Object.absoluteTransformation [-0.221247/0/-0.975218/0][0/1/0/0][0.975218/0/-0.221247/0][404.558/291.515/-716.882/1]
Object.isOvergrowth 1


rem Patch: 12, 2

Object.create nc_pinebig01
Object.absoluteTransformation [-0.934766/0/0.355264/0][0/1/0/0][-0.355264/0/-0.934766/0][601.132/294.428/-655.71/1]
Object.isOvergrowth 1

Object.create nc_pinebig03
Object.absoluteTransformation [-0.317956/0/0.948105/0][0/1/0/0][-0.948105/0/-0.317956/0][606.342/298.374/-643.021/1]
Object.isOvergrowth 1

Object.create nc_pinebig04
Object.absoluteTransformation [-0.829226/0/0.558913/0][0/1/0/0][-0.558913/0/-0.829226/0][600.748/293.942/-651.386/1]
Object.isOvergrowth 1

Object.create nc_pine_cluster02
Object.absoluteTransformation [-0.387916/0/-0.921695/0][0/1/0/0][0.921695/0/-0.387916/0][622.808/300.145/-663.196/1]
Object.isOvergrowth 1


rem Patch: 13, 2

Object.create nc_pine_cluster02
Object.absoluteTransformation [-0.927024/0/-0.375002/0][0/1/0/0][0.375002/0/-0.927024/0][666.904/305.605/-649.425/1]
Object.isOvergrowth 1

Object.create nc_pinebig03
Object.absoluteTransformation [0.489687/0/0.871898/0][0/1/0/0][-0.871898/0/0.489687/0][702.515/311.75/-642.366/1]
Object.isOvergrowth 1

Object.create nc_pinebig01
Object.absoluteTransformation [0.779006/0/0.627016/0][0/1/0/0][-0.627016/0/0.779006/0][688.485/306.928/-646.685/1]
Object.isOvergrowth 1

Object.create nc_pine_cluster02
Object.absoluteTransformation [-0.271096/0/0.962552/0][0/1/0/0][-0.962552/0/-0.271096/0][741.159/308.953/-643.409/1]
Object.isOvergrowth 1


rem Patch: 14, 2


rem Patch: 15, 2


rem Patch: 0, 3


rem Patch: 1, 3


rem Patch: 2, 3

Object.create nc_pinebig04
Object.absoluteTransformation [0.9559/0/0.293694/0][0/1/0/0][-0.293694/0/0.9559/0][-732.058/129.26/-520.818/1]
Object.isOvergrowth 1

Object.create nc_pinebig04
Object.absoluteTransformation [-0.0724538/0/-0.997372/0][0/1/0/0][0.997372/0/-0.0724538/0][-721.702/129.26/-546.015/1]
Object.isOvergrowth 1

Object.create nc_medbush01
Object.absoluteTransformation [0.576952/0/-0.816778/0][0/1/0/0][0.816778/0/0.576952/0][-668.609/124.702/-555.757/1]
Object.isOvergrowth 1

Object.create nc_medbush01
Object.absoluteTransformation [-0.275693/0/0.961246/0][0/1/0/0][-0.961246/0/-0.275693/0][-734.039/124.702/-537.48/1]
Object.isOvergrowth 1

Object.create nc_medbush01
Object.absoluteTransformation [0.548643/0/0.836057/0][0/1/0/0][-0.836057/0/0.548643/0][-681.727/124.702/-558.274/1]
Object.isOvergrowth 1

Object.create nc_pinebig04
Object.absoluteTransformation [0.836023/0/-0.548695/0][0/1/0/0][0.548695/0/0.836023/0][-723.007/129.26/-524.851/1]
Object.isOvergrowth 1

Object.create nc_pinebig04
Object.absoluteTransformation [-0.864305/0/0.502968/0][0/1/0/0][-0.502968/0/-0.864305/0][-744.712/129.26/-521.912/1]
Object.isOvergrowth 1

Object.create nc_pinebig02
Object.absoluteTransformation [0.578388/0/0.815762/0][0/1/0/0][-0.815762/0/0.578388/0][-735.318/129.856/-514.631/1]
Object.isOvergrowth 1


rem Patch: 3, 3

Object.create nc_pinebig04
Object.absoluteTransformation [0.585137/0/0.810934/0][0/1/0/0][-0.810934/0/0.585137/0][-632.597/129.26/-578.922/1]
Object.isOvergrowth 1

Object.create nc_pinebig02
Object.absoluteTransformation [-0.99696/0/0.0779209/0][0/1/0/0][-0.0779209/0/-0.99696/0][-581.928/129.856/-548.67/1]
Object.isOvergrowth 1

Object.create nc_pinebig01
Object.absoluteTransformation [0.341991/0/0.939703/0][0/1/0/0][-0.939703/0/0.341991/0][-627.359/128.857/-575.296/1]
Object.isOvergrowth 1

Object.create nc_pinebig02
Object.absoluteTransformation [-0.260204/0/0.965554/0][0/1/0/0][-0.965554/0/-0.260204/0][-529.393/131.243/-524.662/1]
Object.isOvergrowth 1

Object.create nc_pinebig04
Object.absoluteTransformation [-0.191803/0/0.981433/0][0/1/0/0][-0.981433/0/-0.191803/0][-581.647/134.933/-560.59/1]
Object.isOvergrowth 1

Object.create nc_leafybush01
Object.absoluteTransformation [-0.0722469/0/-0.997387/0][0/1/0/0][0.997387/0/-0.0722469/0][-627.571/124.674/-537.433/1]
Object.isOvergrowth 1

Object.create nc_pinebig04
Object.absoluteTransformation [-0.150604/0/-0.988594/0][0/1/0/0][0.988594/0/-0.150604/0][-551.257/129.26/-545.545/1]
Object.isOvergrowth 1

Object.create nc_pinebig02
Object.absoluteTransformation [0.591929/0/-0.80599/0][0/1/0/0][0.80599/0/0.591929/0][-579.013/138.633/-564.954/1]
Object.isOvergrowth 1

Object.create nc_leafybush01
Object.absoluteTransformation [0.524275/0/0.851549/0][0/1/0/0][-0.851549/0/0.524275/0][-616.681/124.674/-536.974/1]
Object.isOvergrowth 1

Object.create nc_leafybush01
Object.absoluteTransformation [-0.929761/0/-0.368165/0][0/1/0/0][0.368165/0/-0.929761/0][-571.273/124.674/-549.507/1]
Object.isOvergrowth 1

Object.create nc_pinebig02
Object.absoluteTransformation [0.999044/0.000874645/-0.0436992/0][-0.000915527/0.999999/-0.000915527/0][0.0436984/0.00095466/0.999044/0][-532.491/129.873/-514.973/1]
Object.isOvergrowth 1

Object.create nc_pine_cluster02
Object.absoluteTransformation [0.172627/0/-0.984987/0][0/1/0/0][0.984987/0/0.172627/0][-627.913/129.279/-557.689/1]
Object.isOvergrowth 1

Object.create nc_pinebig02
Object.absoluteTransformation [-0.999977/0/-0.00682554/0][0/1/0/0][0.00682554/0/-0.999977/0][-575.343/136.875/-560.406/1]
Object.isOvergrowth 1

Object.create nc_pinebig04
Object.absoluteTransformation [-0.0842794/0/0.996442/0][0/1/0/0][-0.996442/0/-0.0842794/0][-556.093/129.36/-554.1/1]
Object.isOvergrowth 1

Object.create nc_medbush01
Object.absoluteTransformation [0.980321/0/0.19741/0][0/1/0/0][-0.19741/0/0.980321/0][-546.691/124.702/-540.005/1]
Object.isOvergrowth 1

Object.create nc_leafybush01
Object.absoluteTransformation [-0.982391/0/-0.186835/0][0/1/0/0][0.186835/0/-0.982391/0][-620.984/124.674/-540.421/1]
Object.isOvergrowth 1

Object.create nc_pinebig04
Object.absoluteTransformation [0.909971/0/-0.414672/0][0/1/0/0][0.414672/0/0.909971/0][-592.995/129.26/-554.309/1]
Object.isOvergrowth 1

Object.create nc_pinebig03
Object.absoluteTransformation [0.702183/0/0.711997/0][0/1/0/0][-0.711997/0/0.702183/0][-635.82/133.432/-555.873/1]
Object.isOvergrowth 1

Object.create nc_pine_cluster01
Object.absoluteTransformation [0.976087/0/-0.217379/0][0/1/0/0][0.217379/0/0.976087/0][-543.67/133.588/-544.829/1]
Object.isOvergrowth 1


rem Patch: 4, 3


rem Patch: 5, 3


rem Patch: 6, 3


rem Patch: 7, 3


rem Patch: 8, 3


rem Patch: 9, 3


rem Patch: 10, 3


rem Patch: 11, 3

Object.create nc_pinebig04
Object.absoluteTransformation [0.778785/0/0.627291/0][0/1/0/0][-0.627291/0/0.778785/0][422.781/283.86/-620.827/1]
Object.isOvergrowth 1

Object.create nc_pinebig02
Object.absoluteTransformation [-0.411267/0/-0.911515/0][0/1/0/0][0.911515/0/-0.411267/0][436.916/288.541/-637.894/1]
Object.isOvergrowth 1

Object.create nc_pinebig02
Object.absoluteTransformation [0.359302/0/-0.933221/0][0/1/0/0][0.933221/0/0.359302/0][430.759/281.173/-615.225/1]
Object.isOvergrowth 1


rem Patch: 12, 3


rem Patch: 13, 3

Object.create nc_pinebig03
Object.absoluteTransformation [0.74404/0/0.668135/0][0/1/0/0][-0.668135/0/0.74404/0][743.98/313.373/-632.79/1]
Object.isOvergrowth 1

Object.create nc_pinebig02
Object.absoluteTransformation [-0.450628/0/0.892712/0][0/1/0/0][-0.892712/0/-0.450628/0][670.406/305.665/-640.281/1]
Object.isOvergrowth 1

Object.create nc_pinebig01
Object.absoluteTransformation [-0.0816802/0/0.996659/0][0/1/0/0][-0.996659/0/-0.0816802/0][708.589/306.349/-640.217/1]
Object.isOvergrowth 1

Object.create nc_pinebig02
Object.absoluteTransformation [-0.521764/0/-0.85309/0][0/1/0/0][0.85309/0/-0.521764/0][695.793/311.684/-597.44/1]
Object.isOvergrowth 1

Object.create nc_pinebig01
Object.absoluteTransformation [0.977711/0/0.209954/0][0/1/0/0][-0.209954/0/0.977711/0][742.23/309.136/-579.421/1]
Object.isOvergrowth 1

Object.create nc_pinebig04
Object.absoluteTransformation [-0.752874/0/0.658164/0][0/1/0/0][-0.658164/0/-0.752874/0][750.819/310.6/-635.842/1]
Object.isOvergrowth 1

Object.create nc_pine_cluster02
Object.absoluteTransformation [0.219939/0/-0.975514/0][0/1/0/0][0.975514/0/0.219939/0][689.206/306.074/-632.439/1]
Object.isOvergrowth 1

Object.create nc_pine_cluster01
Object.absoluteTransformation [-0.466145/0/0.884708/0][0/1/0/0][-0.884708/0/-0.466145/0][718.757/311.676/-617.765/1]
Object.isOvergrowth 1

Object.create nc_pine_cluster01
Object.absoluteTransformation [-0.272316/0/0.962208/0][0/1/0/0][-0.962208/0/-0.272316/0][762.057/315.176/-572.716/1]
Object.isOvergrowth 1

Object.create nc_pine_cluster02
Object.absoluteTransformation [-0.900453/0/0.434953/0][0/1/0/0][-0.434953/0/-0.900453/0][705.824/306.263/-624.372/1]
Object.isOvergrowth 1

Object.create nc_pinebig01
Object.absoluteTransformation [-0.951635/0/-0.307232/0][0/1/0/0][0.307232/0/-0.951635/0][708.018/306.037/-618.77/1]
Object.isOvergrowth 1

Object.create nc_pine_cluster02
Object.absoluteTransformation [0.147826/0/-0.989013/0][0/1/0/0][0.989013/0/0.147826/0][710.913/305.789/-626.809/1]
Object.isOvergrowth 1

Object.create nc_pinebig03
Object.absoluteTransformation [0.967975/0/0.251046/0][0/1/0/0][-0.251046/0/0.967975/0][681.734/310.192/-637.118/1]
Object.isOvergrowth 1

Object.create nc_pinebig04
Object.absoluteTransformation [0.99873/0/-0.0503813/0][0/1/0/0][0.0503813/0/0.99873/0][704.52/306.588/-636.114/1]
Object.isOvergrowth 1

Object.create nc_pinebig02
Object.absoluteTransformation [0.350391/0/-0.936604/0][0/1/0/0][0.936604/0/0.350391/0][735.891/308.357/-638.48/1]
Object.isOvergrowth 1

Object.create nc_pinebig04
Object.absoluteTransformation [-0.20558/0/0.97864/0][0/1/0/0][-0.97864/0/-0.20558/0][717.056/305.898/-625.641/1]
Object.isOvergrowth 1

Object.create nc_pinebig03
Object.absoluteTransformation [-0.905336/0/-0.424697/0][0/1/0/0][0.424697/0/-0.905336/0][708.282/313.761/-603.897/1]
Object.isOvergrowth 1

Object.create nc_pinebig01
Object.absoluteTransformation [-0.0550644/0/0.998483/0][0/1/0/0][-0.998483/0/-0.0550644/0][715.008/305.941/-640.224/1]
Object.isOvergrowth 1

Object.create nc_pine_cluster02
Object.absoluteTransformation [-0.677856/0/0.735195/0][0/1/0/0][-0.735195/0/-0.677856/0][673.44/304.857/-635.725/1]
Object.isOvergrowth 1


rem Patch: 14, 3


rem Patch: 15, 3


rem Patch: 0, 4

Object.create nc_leafybush01
Object.absoluteTransformation [0.319303/-0.180891/0.920818/0][-0.0654339/0.974607/0.214147/0][-0.936173/-0.12863/0.299358/0][-919.92/144.305/-441.596/1]
Object.isOvergrowth 1


rem Patch: 1, 4

Object.create nc_pine_cluster02
Object.absoluteTransformation [0.421665/0/-0.906752/0][0/1/0/0][0.906752/0/0.421665/0][-886.187/141.592/-508.346/1]
Object.isOvergrowth 1

Object.create nc_medbush01
Object.absoluteTransformation [0.071984/-0.0600853/-0.944518/0][-0.309316/0.947257/-0.0838332/0][0.899738/0.298189/0.049602/0][-800.248/117.667/-422.919/1]
Object.isOvergrowth 1

Object.create nc_pine_cluster02
Object.absoluteTransformation [0.894446/0/-0.447176/0][0/1/0/0][0.447176/0/0.894446/0][-856.579/116.833/-397.521/1]
Object.isOvergrowth 1

Object.create nc_pine_cluster02
Object.absoluteTransformation [0.722914/0/0.690938/0][0/1/0/0][-0.690938/0/0.722914/0][-885.744/141.988/-497.147/1]
Object.isOvergrowth 1

Object.create nc_leafybush01
Object.absoluteTransformation [-0.60208/-0.108021/0.791093/0][-0.0667458/0.994147/0.0849492/0][-0.795639/-0.0016559/-0.605766/0][-779.711/119.629/-414.586/1]
Object.isOvergrowth 1

Object.create nc_pinebig04
Object.absoluteTransformation [-0.419502/0/0.907754/0][0/1/0/0][-0.907754/0/-0.419502/0][-807.971/127.14/-483.878/1]
Object.isOvergrowth 1

Object.create nc_medbush01
Object.absoluteTransformation [0.237659/-0.145022/0.960307/0][0.0181142/0.989278/0.144914/0][-0.971027/-0.0170448/0.237737/0][-878.769/132.047/-475.17/1]
Object.isOvergrowth 1

Object.create nc_pine_cluster02
Object.absoluteTransformation [-0.248633/0/-0.968598/0][0/1/0/0][0.968598/0/-0.248633/0][-823.685/132.622/-488.575/1]
Object.isOvergrowth 1

Object.create nc_leafybush01
Object.absoluteTransformation [0.31516/0.0445385/-0.92931/0][-0.19166/0.981297/-0.0179681/0][0.911129/0.183774/0.317802/0][-791.935/119.42/-433.294/1]
Object.isOvergrowth 1

Object.create nc_pinebig01
Object.absoluteTransformation [0.760337/0/-0.649529/0][0/1/0/0][0.649529/0/0.760337/0][-851.189/114.932/-396.923/1]
Object.isOvergrowth 1

Object.create nc_leafybush01
Object.absoluteTransformation [0.432923/0.0421872/-0.895498/0][-0.103205/0.994655/-0.00303545/0][0.890584/0.0937342/0.434964/0][-808.58/115.395/-390.848/1]
Object.isOvergrowth 1

Object.create nc_pinebig04
Object.absoluteTransformation [-0.354575/0/0.935027/0][0/1/0/0][-0.935027/0/-0.354575/0][-775.83/127.593/-392.221/1]
Object.isOvergrowth 1

Object.create nc_pinebig03
Object.absoluteTransformation [-0.958466/0/0.285205/0][0/1/0/0][-0.285205/0/-0.958466/0][-831.161/118.031/-424.456/1]
Object.isOvergrowth 1

Object.create nc_pinebig02
Object.absoluteTransformation [-0.971223/0.0256809/0.236419/0][0.0280645/0.999584/0.00671108/0][-0.236149/0.0131529/-0.971539/0][-816.934/116.046/-440.952/1]
Object.isOvergrowth 1

Object.create nc_medbush01
Object.absoluteTransformation [-0.758273/0.0915637/-0.588022/0][-0.0907784/0.959556/0.266479/0][0.588641/0.255443/-0.719294/0][-876.068/133.634/-481.068/1]
Object.isOvergrowth 1

Object.create nc_leafybush01
Object.absoluteTransformation [-0.652373/0.146091/-0.738345/0][0.0300679/0.985263/0.16838/0][0.752063/0.0876462/-0.647152/0][-880.348/134.981/-489.426/1]
Object.isOvergrowth 1

Object.create nc_pinebig02
Object.absoluteTransformation [0.831802/0/-0.555072/0][0/1/0/0][0.555072/0/0.831802/0][-838.846/112.355/-405.102/1]
Object.isOvergrowth 1

Object.create nc_pinebig02
Object.absoluteTransformation [0.906561/0/0.422075/0][0/1/0/0][-0.422075/0/0.906561/0][-894.946/144.013/-492.286/1]
Object.isOvergrowth 1

Object.create nc_pinebig02
Object.absoluteTransformation [0.220151/-0.0579227/0.973203/0][0.0444573/0.997793/0.0493294/0][-0.973912/0.0324061/0.22224/0][-818.04/124.894/-478.286/1]
Object.isOvergrowth 1

Object.create nc_pinebig02
Object.absoluteTransformation [-0.122278/0.0175728/-0.992315/0][-0.00488194/0.99982/0.0183073/0][0.992459/0.007083/-0.12217/0][-827.397/113.552/-413.466/1]
Object.isOvergrowth 1

Object.create nc_leafybush01
Object.absoluteTransformation [0.46678/-0.0322151/0.880547/0][-0.0517045/0.996618/0.0638702/0][-0.879627/-0.0753416/0.463536/0][-807.466/115.375/-386.274/1]
Object.isOvergrowth 1

Object.create nc_pinebig01
Object.absoluteTransformation [0.665833/0/0.7461/0][0/1/0/0][-0.7461/0/0.665833/0][-806.205/130.619/-492.078/1]
Object.isOvergrowth 1

Object.create nc_medbush01
Object.absoluteTransformation [0.431928/0.10587/0.880988/0][-0.191636/0.981174/-0.0239545/0][-0.866939/-0.158482/0.444085/0][-806.773/115.617/-395.675/1]
Object.isOvergrowth 1

Object.create nc_medbush01
Object.absoluteTransformation [0.988433/0.0514547/-0.125942/0][-0.0425719/0.996424/0.0729804/0][0.129247/-0.0667746/0.987089/0][-808.137/115.329/-385.692/1]
Object.isOvergrowth 1

Object.create nc_pinebig03
Object.absoluteTransformation [0.715445/0/0.698669/0][0/1/0/0][-0.698669/0/0.715445/0][-815.781/133.508/-491.71/1]
Object.isOvergrowth 1

Object.create nc_medbush01
Object.absoluteTransformation [0.270908/0.0918875/-0.955759/0][-0.0909496/0.993411/0.069728/0][0.955869/0.068036/0.27748/0][-774.763/120.232/-417.146/1]
Object.isOvergrowth 1

Object.create nc_leafybush01
Object.absoluteTransformation [0.556519/0.125782/-0.808398/0][0.0479218/0.981438/0.185697/0][0.81675/-0.142084/0.540161/0][-858.126/133.794/-495.588/1]
Object.isOvergrowth 1

Object.create nc_medbush01
Object.absoluteTransformation [-0.142836/0.10528/-0.96284/0][0.216847/0.973377/0.0742628/0][0.945024/-0.198182/-0.161863/0][-878.624/135.864/-497.768/1]
Object.isOvergrowth 1

Object.create nc_pinebig04
Object.absoluteTransformation [-0.969625/0/0.244596/0][0/1/0/0][-0.244596/0/-0.969625/0][-843.094/113.722/-418.056/1]
Object.isOvergrowth 1

Object.create nc_pine_cluster02
Object.absoluteTransformation [0.980133/0/0.198339/0][0/1/0/0][-0.198339/0/0.980133/0][-852.468/117.612/-401.366/1]
Object.isOvergrowth 1

Object.create nc_pine_cluster02
Object.absoluteTransformation [0.951644/0/-0.307202/0][0/1/0/0][0.307202/0/0.951644/0][-837.752/113.475/-422.703/1]
Object.isOvergrowth 1

Object.create nc_medbush01
Object.absoluteTransformation [0.607207/0.176066/-0.757243/0][0.0177727/0.970627/0.239932/0][0.777244/-0.159146/0.586242/0][-860.094/132.89/-490.944/1]
Object.isOvergrowth 1

Object.create nc_leafybush01
Object.absoluteTransformation [0.36053/-0.18603/0.913819/0][0.0509652/0.982368/0.179877/0][-0.931169/-0.0182781/0.363654/0][-838.487/135.12/-503.476/1]
Object.isOvergrowth 1

Object.create nc_pine_cluster02
Object.absoluteTransformation [-0.991823/0/-0.127623/0][0/1/0/0][0.127623/0/-0.991823/0][-803.946/126.467/-479.046/1]
Object.isOvergrowth 1

Object.create nc_leafybush01
Object.absoluteTransformation [0.848072/0.13668/0.504281/0][-0.162599/0.986674/0.00602218/0][-0.496738/-0.0871028/0.858995/0][-806.228/115.685/-394.298/1]
Object.isOvergrowth 1

Object.create nc_leafybush01
Object.absoluteTransformation [0.935855/0.194125/0.294089/0][-0.18561/0.980976/-0.0568804/0][-0.299536/-0.00135396/0.954083/0][-810.608/114.944/-394.245/1]
Object.isOvergrowth 1

Object.create nc_pinebig02
Object.absoluteTransformation [-0.685086/-0.000309064/0.726402/0][0.0396134/0.9985/0.0377851/0][-0.725325/0.0546613/-0.684046/0][-818.021/127.747/-484.84/1]
Object.isOvergrowth 1

Object.create nc_leafybush01
Object.absoluteTransformation [0.692391/0.0798386/0.703062/0][-0.156591/0.986763/0.0421591/0][-0.69039/-0.139284/0.695728/0][-805.728/115.77/-394.162/1]
Object.isOvergrowth 1

Object.create nc_pine_cluster01
Object.absoluteTransformation [-0.454089/0/0.890956/0][0/1/0/0][-0.890956/0/-0.454089/0][-772.904/133.707/-495.077/1]
Object.isOvergrowth 1

Object.create nc_pinebig01
Object.absoluteTransformation [0.803275/0/-0.595608/0][0/1/0/0][0.595608/0/0.803275/0][-890.402/142.346/-508.68/1]
Object.isOvergrowth 1

Object.create nc_pine_cluster02
Object.absoluteTransformation [0.718852/0/0.695163/0][0/1/0/0][-0.695163/0/0.718852/0][-842.129/113.76/-426.168/1]
Object.isOvergrowth 1

Object.create nc_pinebig02
Object.absoluteTransformation [0.843287/0.0564017/0.533422/0][-0.0657752/0.997833/-0.00152257/0][-0.532352/-0.0338019/0.845169/0][-781.45/124.844/-389.858/1]
Object.isOvergrowth 1

Object.create nc_leafybush01
Object.absoluteTransformation [0.954968/-0.236898/-0.170211/0][0.242742/0.970019/0.0118411/0][0.162303/-0.0526252/0.983842/0][-878.231/135.741/-500.826/1]
Object.isOvergrowth 1

Object.create nc_pinebig04
Object.absoluteTransformation [-0.992358/0/0.123394/0][0/1/0/0][-0.123394/0/-0.992358/0][-837.493/112.315/-414.22/1]
Object.isOvergrowth 1

Object.create nc_pinebig02
Object.absoluteTransformation [-0.991257/-0.0285984/0.128454/0][-0.0295886/0.999545/-0.00579571/0][-0.12823/-0.0095458/-0.991652/0][-805.294/116.547/-444.918/1]
Object.isOvergrowth 1


rem Patch: 2, 4

Object.create nc_medbush01
Object.absoluteTransformation [0.752794/0/-0.658256/0][0/1/0/0][0.658256/0/0.752794/0][-744.673/124.702/-488.996/1]
Object.isOvergrowth 1

Object.create nc_pinebig04
Object.absoluteTransformation [-0.844702/0/-0.535237/0][0/1/0/0][0.535237/0/-0.844702/0][-743.756/129.344/-455.559/1]
Object.isOvergrowth 1

Object.create nc_leafybush01
Object.absoluteTransformation [0.702892/0/0.711297/0][0/1/0/0][-0.711297/0/0.702892/0][-649.009/124.674/-414.273/1]
Object.isOvergrowth 1

Object.create nc_pinebig04
Object.absoluteTransformation [0.968426/0/-0.249302/0][0/1/0/0][0.249302/0/0.968426/0][-754.561/128.268/-439.058/1]
Object.isOvergrowth 1

Object.create nc_pinebig04
Object.absoluteTransformation [-0.99697/0/-0.0777807/0][0/1/0/0][0.0777807/0/-0.99697/0][-765.718/129.304/-477.782/1]
Object.isOvergrowth 1

Object.create nc_leafybush01
Object.absoluteTransformation [-0.279499/0/-0.960146/0][0/1/0/0][0.960146/0/-0.279499/0][-728.612/124.674/-407.363/1]
Object.isOvergrowth 1

Object.create nc_pinebig04
Object.absoluteTransformation [-0.506597/0/0.862183/0][0/1/0/0][-0.862183/0/-0.506597/0][-752.893/129.26/-481.735/1]
Object.isOvergrowth 1

Object.create nc_pinebig04
Object.absoluteTransformation [0.765116/0/-0.643892/0][0/1/0/0][0.643892/0/0.765116/0][-757.57/127.078/-429.884/1]
Object.isOvergrowth 1

Object.create nc_leafybush01
Object.absoluteTransformation [0.796809/0.16671/0.579729/0][-0.114272/0.985388/-0.126301/0][-0.592313/0.0343908/0.804216/0][-749.01/124.236/-415.651/1]
Object.isOvergrowth 1

Object.create nc_pinebig04
Object.absoluteTransformation [-0.673507/0/0.739181/0][0/1/0/0][-0.739181/0/-0.673507/0][-754.903/129.26/-486.986/1]
Object.isOvergrowth 1

Object.create nc_pinebig04
Object.absoluteTransformation [0.166633/0/0.986019/0][0/1/0/0][-0.986019/0/0.166633/0][-765.893/129.487/-486.318/1]
Object.isOvergrowth 1

Object.create nc_pinebig03
Object.absoluteTransformation [0.149609/0/0.988745/0][0/1/0/0][-0.988745/0/0.149609/0][-768.097/134.174/-386.569/1]
Object.isOvergrowth 1

Object.create nc_pinebig02
Object.absoluteTransformation [-0.996634/0/0.0819739/0][0/1/0/0][-0.0819739/0/-0.996634/0][-759.349/129.856/-508.989/1]
Object.isOvergrowth 1

Object.create nc_pinebig02
Object.absoluteTransformation [-0.324793/0/0.945785/0][0/1/0/0][-0.945785/0/-0.324793/0][-745.334/129.856/-401.134/1]
Object.isOvergrowth 1

Object.create nc_medbush01
Object.absoluteTransformation [0.183643/0/-0.982993/0][0/1/0/0][0.982993/0/0.183643/0][-750.508/124.702/-493.844/1]
Object.isOvergrowth 1

Object.create nc_medbush01
Object.absoluteTransformation [-0.789579/0/0.613648/0][0/1/0/0][-0.613648/0/-0.789579/0][-731.553/124.702/-407.944/1]
Object.isOvergrowth 1

Object.create nc_pinebig02
Object.absoluteTransformation [0.871579/0/0.490255/0][0/1/0/0][-0.490255/0/0.871579/0][-763.61/129.856/-505.442/1]
Object.isOvergrowth 1

Object.create nc_pinebig04
Object.absoluteTransformation [-0.98161/0/-0.190898/0][0/1/0/0][0.190898/0/-0.98161/0][-750.812/129.235/-455.563/1]
Object.isOvergrowth 1

Object.create nc_birch01
Object.absoluteTransformation [0.272559/0/0.962139/0][0/1/0/0][-0.962139/0/0.272559/0][-752.561/132.207/-396.671/1]
Object.isOvergrowth 1

Object.create nc_leafybush01
Object.absoluteTransformation [-0.290495/0/0.956876/0][0/1/0/0][-0.956876/0/-0.290495/0][-749.6/124.674/-497.483/1]
Object.isOvergrowth 1

Object.create nc_leafybush01
Object.absoluteTransformation [0.145884/0/-0.989302/0][0/1/0/0][0.989302/0/0.145884/0][-738.102/124.674/-464.192/1]
Object.isOvergrowth 1

Object.create nc_pine_cluster02
Object.absoluteTransformation [0.999577/0/0.0290891/0][0/1/0/0][-0.0290891/0/0.999577/0][-760.303/129.279/-495.77/1]
Object.isOvergrowth 1

Object.create nc_medbush01
Object.absoluteTransformation [0.827957/0/-0.560792/0][0/1/0/0][0.560792/0/0.827957/0][-726.11/124.702/-430.376/1]
Object.isOvergrowth 1

Object.create nc_leafybush01
Object.absoluteTransformation [-0.352322/-0.0342865/-0.935158/0][-0.0243976/0.999325/-0.0274473/0][0.935468/0.0131453/-0.352921/0][-746.43/124.606/-412.976/1]
Object.isOvergrowth 1

Object.create nc_pinebig02
Object.absoluteTransformation [0.0429076/-0.00639309/0.99903/0][-0.00732386/0.999951/0.00671354/0][-0.999023/-0.00760482/0.0428587/0][-762.537/127.624/-434.524/1]
Object.isOvergrowth 1

Object.create nc_stump01
Object.absoluteTransformation [0.681502/0/-0.731816/0][0/1/0/0][0.731816/0/0.681502/0][-728.438/124.015/-417.813/1]
Object.isOvergrowth 1

Object.create nc_leafybush01
Object.absoluteTransformation [-0.743947/0/0.668239/0][0/1/0/0][-0.668239/0/-0.743947/0][-736.721/124.674/-407.641/1]
Object.isOvergrowth 1

Object.create nc_birch01
Object.absoluteTransformation [-0.915868/0/0.401479/0][0/1/0/0][-0.401479/0/-0.915868/0][-760.011/132.231/-388.063/1]
Object.isOvergrowth 1


rem Patch: 3, 4

Object.create nc_pinebig04
Object.absoluteTransformation [-0.480459/0/-0.877017/0][0/1/0/0][0.877017/0/-0.480459/0][-548.362/130.301/-495.373/1]
Object.isOvergrowth 1

Object.create nc_medbush01
Object.absoluteTransformation [-0.311104/0.280163/-0.60965/0][0.726884/0.68444/-0.0563962/0][0.401469/-0.46069/-0.416578/0][-536.161/121.089/-438.659/1]
Object.isOvergrowth 1

Object.create nc_leafybush01
Object.absoluteTransformation [0.0851197/0/-0.996371/0][0/1/0/0][0.996371/0/0.0851197/0][-571.32/124.674/-474.772/1]
Object.isOvergrowth 1

Object.create nc_pinebig04
Object.absoluteTransformation [-0.152982/0/0.988229/0][0/1/0/0][-0.988229/0/-0.152982/0][-554.563/129.257/-386.042/1]
Object.isOvergrowth 1

Object.create nc_medbush01
Object.absoluteTransformation [-0.824473/0/-0.565901/0][0/1/0/0][0.565901/0/-0.824473/0][-571.142/124.708/-433.923/1]
Object.isOvergrowth 1

Object.create nc_medbush01
Object.absoluteTransformation [0.999196/0/-0.0400967/0][0/1/0/0][0.0400967/0/0.999196/0][-576.239/124.708/-396.35/1]
Object.isOvergrowth 1

Object.create nc_stump02
Object.absoluteTransformation [-0.044991/-0.000961112/0.998759/0][-0.0213574/0.999772/0/0][-0.998531/-0.0213309/-0.0450012/0][-560.833/124.008/-429.201/1]
Object.isOvergrowth 1

Object.create nc_stump03
Object.absoluteTransformation [-0.985154/0.158726/-0.00961288/0][0.15935/0.985201/-0.0631385/0][-0.000551109/-0.063733/-0.995868/0][-539.905/122.678/-463.861/1]
Object.isOvergrowth 1

Object.create nc_stump03
Object.absoluteTransformation [0.970173/0.219281/-0.103131/0][-0.217351/0.975639/0.0297742/0][0.107147/-0.00647045/0.9942/0][-555.175/124.707/-426.632/1]
Object.isOvergrowth 1

Object.create nc_pinebig02
Object.absoluteTransformation [-0.162937/0.00611764/-0.985893/0][-0.0362893/0.999267/0.0121981/0][0.985245/0.0377649/-0.162595/0][-515.33/130.594/-503.551/1]
Object.isOvergrowth 1

Object.create nc_pinebig04
Object.absoluteTransformation [-0.57277/0/0.819716/0][0/1/0/0][-0.819716/0/-0.57277/0][-541.137/128.998/-432.653/1]
Object.isOvergrowth 1

Object.create nc_medbush01
Object.absoluteTransformation [-0.964624/0/0.263628/0][0/1/0/0][-0.263628/0/-0.964624/0][-571.875/124.702/-470.672/1]
Object.isOvergrowth 1

Object.create nc_stump02
Object.absoluteTransformation [0.993183/-0.108751/-0.0397399/0][0.109202/0.993978/0.00910015/0][0.038511/-0.0133778/0.999078/0][-542.078/123.715/-467.762/1]
Object.isOvergrowth 1

Object.create nc_pine_cluster01
Object.absoluteTransformation [-0.772412/0/0.635121/0][0/1/0/0][-0.635121/0/-0.772412/0][-556.776/134.433/-474.591/1]
Object.isOvergrowth 1

Object.create nc_pinebig04
Object.absoluteTransformation [0.485091/0/-0.874464/0][0/1/0/0][0.874464/0/0.485091/0][-540.628/130.867/-485.213/1]
Object.isOvergrowth 1

Object.create nc_leafybush01
Object.absoluteTransformation [0.333727/0/0.94267/0][0/1/0/0][-0.94267/0/0.333727/0][-573.138/124.674/-473.491/1]
Object.isOvergrowth 1

Object.create nc_medbush01
Object.absoluteTransformation [0.317566/0/0.948236/0][0/1/0/0][-0.948236/0/0.317566/0][-573.797/124.702/-481.832/1]
Object.isOvergrowth 1

Object.create nc_pinebig02
Object.absoluteTransformation [0.0179633/0.037758/-0.997879/0][-0.05056/0.998041/0.0368539/0][0.997316/0.0497907/0.0198371/0][-512.909/128.511/-482.284/1]
Object.isOvergrowth 1

Object.create nc_medbush01
Object.absoluteTransformation [-0.865017/0/-0.501742/0][0/1/0/0][0.501742/0/-0.865017/0][-571.699/124.708/-440.565/1]
Object.isOvergrowth 1

Object.create nc_pine_cluster02
Object.absoluteTransformation [-0.39398/0/-0.919119/0][0/1/0/0][0.919119/0/-0.39398/0][-549.373/130.763/-429.082/1]
Object.isOvergrowth 1

Object.create nc_pine_cluster01
Object.absoluteTransformation [0.313604/0/-0.949554/0][0/1/0/0][0.949554/0/0.313604/0][-552.714/133.907/-412.382/1]
Object.isOvergrowth 1

Object.create nc_pinebig04
Object.absoluteTransformation [-0.903472/0/-0.428646/0][0/1/0/0][0.428646/0/-0.903472/0][-547.447/130.883/-470.094/1]
Object.isOvergrowth 1

Object.create nc_pinebig04
Object.absoluteTransformation [0.52403/0/0.8517/0][0/1/0/0][-0.8517/0/0.52403/0][-552.971/129.289/-444.153/1]
Object.isOvergrowth 1

Object.create nc_pinebig02
Object.absoluteTransformation [0.743154/0/0.66912/0][0/1/0/0][-0.66912/0/0.743154/0][-542.98/129.758/-451.912/1]
Object.isOvergrowth 1

Object.create nc_stump01
Object.absoluteTransformation [-0.773193/-0.210895/0.59775/0][-0.178951/0.977308/0.113335/0][-0.608088/-0.0193376/-0.793388/0][-555.384/124.688/-429.248/1]
Object.isOvergrowth 1

Object.create nc_stump03
Object.absoluteTransformation [-0.278633/0.0289109/0.954836/0][0.103206/0.99466/0/0][-0.949737/0.0985446/-0.280129/0][-543.761/123.887/-463.18/1]
Object.isOvergrowth 1

Object.create nc_pinebig02
Object.absoluteTransformation [-0.408753/0/-0.912645/0][0/1/0/0][0.912645/0/-0.408753/0][-512.597/125.773/-444.261/1]
Object.isOvergrowth 1

Object.create nc_stump03
Object.absoluteTransformation [0.183792/-0.0446065/0.976094/0][-0.0969969/0.993247/0.0636542/0][-0.972342/-0.106377/0.178224/0][-559.483/124.126/-430.272/1]
Object.isOvergrowth 1

Object.create nc_pinebig04
Object.absoluteTransformation [-0.88787/0/0.460094/0][0/1/0/0][-0.460094/0/-0.88787/0][-553.247/129.718/-451.943/1]
Object.isOvergrowth 1

Object.create nc_pinebig02
Object.absoluteTransformation [0.946445/0.0355462/-0.319008/0][-0.0448053/0.998761/-0.0216407/0][0.317844/0.034775/0.946865/0][-554.297/131.692/-490.518/1]
Object.isOvergrowth 1

Object.create nc_pinebig02
Object.absoluteTransformation [0.849018/0/-0.528365/0][0/1/0/0][0.528365/0/0.849018/0][-555.828/129.862/-393.5/1]
