rem Patch: 0, 0


rem Patch: 1, 0


rem Patch: 2, 0


rem Patch: 3, 0


rem Patch: 4, 0


rem Patch: 5, 0


rem Patch: 6, 0


rem Patch: 7, 0


rem Patch: 8, 0


rem Patch: 9, 0


rem Patch: 10, 0


rem Patch: 11, 0


rem Patch: 12, 0


rem Patch: 13, 0


rem Patch: 14, 0


rem Patch: 15, 0


rem Patch: 0, 1


rem Patch: 1, 1


rem Patch: 2, 1


rem Patch: 3, 1


rem Patch: 4, 1


rem Patch: 5, 1


rem Patch: 6, 1


rem Patch: 7, 1


rem Patch: 8, 1


rem Patch: 9, 1

Object.create nc_pinebig01
Object.absoluteTransformation [0.0150704/0/-0.999886/0][0/1/0/0][0.999886/0/0.0150704/0][234.886/141.655/-799.761/1]
Object.isOvergrowth 1


rem Patch: 10, 1


rem Patch: 11, 1

Object.create nc_pine_cluster02
Object.absoluteTransformation [0.296808/0.0273493/-0.954535/0][-0.00381323/0.999616/0.0274552/0][0.954919/-0.00450908/0.296798/0][407.689/154.968/-779.282/1]
Object.isOvergrowth 1


rem Patch: 12, 1


rem Patch: 13, 1


rem Patch: 14, 1


rem Patch: 15, 1


rem Patch: 0, 2


rem Patch: 1, 2


rem Patch: 2, 2


rem Patch: 3, 2


rem Patch: 4, 2


rem Patch: 5, 2


rem Patch: 6, 2


rem Patch: 7, 2


rem Patch: 8, 2

Object.create nc_pine_cluster02
Object.absoluteTransformation [0.121907/-0.022175/-0.9921/0][-0.0167773/0.999561/-0.0244033/0][0.992206/0.0196197/0.121482/0][23.9299/149.462/-714.038/1]
Object.isOvergrowth 1

Object.create nc_pinebig01
Object.absoluteTransformation [0.770088/0/0.637938/0][0/1/0/0][-0.637938/0/0.770088/0][88.8674/146.003/-667.583/1]
Object.isOvergrowth 1

Object.create nc_pinebig01
Object.absoluteTransformation [0.538937/0/0.842346/0][0/1/0/0][-0.842346/0/0.538937/0][90.1406/143.882/-643.484/1]
Object.isOvergrowth 1

Object.create nc_pinebig01
Object.absoluteTransformation [-0.277187/0/-0.960816/0][0/1/0/0][0.960816/0/-0.277187/0][75.9394/143.321/-642.309/1]
Object.isOvergrowth 1

Object.create nc_pinebig01
Object.absoluteTransformation [-0.127475/0/0.991842/0][0/1/0/0][-0.991842/0/-0.127475/0][38.9183/144.826/-699.938/1]
Object.isOvergrowth 1

Object.create nc_pinebig01
Object.absoluteTransformation [0.755727/0/-0.654886/0][0/1/0/0][0.654886/0/0.755727/0][82.2448/143.726/-643.488/1]
Object.isOvergrowth 1


rem Patch: 9, 2

Object.create nc_pine_cluster02
Object.absoluteTransformation [0.0842374/-0.00706303/-0.996105/0][-0.0244058/0.99966/-0.00915216/0][0.995831/0.0250816/0.0840364/0][227.366/145.148/-728.113/1]
Object.isOvergrowth 1

Object.create nc_pinebig01
Object.absoluteTransformation [0.864425/0/0.502762/0][0/1/0/0][-0.502762/0/0.864425/0][223.375/146.906/-704.945/1]
Object.isOvergrowth 1

Object.create nc_pinebig01
Object.absoluteTransformation [-0.662943/0/-0.74867/0][0/1/0/0][0.74867/0/-0.662943/0][158.075/141.756/-707.378/1]
Object.isOvergrowth 1

Object.create nc_pinebig01
Object.absoluteTransformation [-0.216046/0/0.976383/0][0/1/0/0][-0.976383/0/-0.216046/0][239.677/150.074/-705.482/1]
Object.isOvergrowth 1

Object.create nc_pinebig01
Object.absoluteTransformation [-0.558463/0/-0.829529/0][0/1/0/0][0.829529/0/-0.558463/0][205.896/142.786/-732.625/1]
Object.isOvergrowth 1

Object.create nc_pinebig01
Object.absoluteTransformation [-0.588781/0/-0.808292/0][0/1/0/0][0.808292/0/-0.588781/0][203.812/142.894/-741.279/1]
Object.isOvergrowth 1

Object.create nc_pine_cluster01
Object.absoluteTransformation [-0.245658/-9.8775e-005/0.969355/0][-0.00190734/0.999998/-0.000381469/0][-0.969353/-0.0019426/-0.245657/0][229.544/153.324/-643.623/1]
Object.isOvergrowth 1

Object.create nc_pine_cluster02
Object.absoluteTransformation [0.128133/0/-0.991757/0][0/1/0/0][0.991757/0/0.128133/0][145.767/142.179/-716.854/1]
Object.isOvergrowth 1

Object.create nc_pine_cluster02
Object.absoluteTransformation [-0.996251/0.0284135/0.0767013/0][0.0304931/0.999199/0.0259191/0][-0.0759034/0.0281608/-0.996319/0][133.062/144.901/-727.411/1]
Object.isOvergrowth 1

Object.create nc_pinebig01
Object.absoluteTransformation [0.233081/0/-0.972457/0][0/1/0/0][0.972457/0/0.233081/0][208.806/142.698/-736.525/1]
Object.isOvergrowth 1

Object.create nc_pine_cluster02
Object.absoluteTransformation [-0.375696/0.00267805/0.926349/0][0.0259304/0.999635/0.0076266/0][-0.92599/0.0268859/-0.375628/0][200.183/143.726/-742.767/1]
Object.isOvergrowth 1

Object.create nc_pine_cluster02
Object.absoluteTransformation [0.546121/0/-0.837706/0][0/1/0/0][0.837706/0/0.546121/0][151.168/142.179/-730.228/1]
Object.isOvergrowth 1

Object.create nc_pine_cluster02
Object.absoluteTransformation [-0.931648/0/0.363363/0][0/1/0/0][-0.363363/0/-0.931648/0][138.496/142.179/-709.878/1]
Object.isOvergrowth 1

Object.create nc_pinebig01
Object.absoluteTransformation [0.903063/0/-0.429509/0][0/1/0/0][0.429509/0/0.903063/0][230.457/147.734/-710.181/1]
Object.isOvergrowth 1

Object.create nc_pine_cluster02
Object.absoluteTransformation [0.472762/0.00367624/-0.879458/0][-0.0502771/0.998474/-0.0228532/0][0.878032/0.0550208/0.472225/0][233.638/146.288/-728.096/1]
Object.isOvergrowth 1

Object.create nc_pine_cluster02
Object.absoluteTransformation [0.93461/-0.0264085/0.354674/0][0.0259307/0.999645/0.00610135/0][-0.35471/0.00349458/0.934963/0][188.417/145.42/-754.978/1]
Object.isOvergrowth 1

Object.create nc_pinebig01
Object.absoluteTransformation [0.537204/0/-0.843452/0][0/1/0/0][0.843452/0/0.537204/0][242.176/137.792/-768.598/1]
Object.isOvergrowth 1

Object.create nc_pine_cluster02
Object.absoluteTransformation [-0.772618/0.00694728/0.634642/0][0.0152566/0.999855/0.00762828/0][-0.634497/0.0155762/-0.772612/0][193.163/144.709/-751.037/1]
Object.isOvergrowth 1


rem Patch: 10, 2

Object.create nc_pine_cluster02
Object.absoluteTransformation [0.0851022/0.0188898/0.996175/0][-0.00762789/0.999803/-0.0183069/0][-0.996325/-0.00604075/0.0852296/0][296.582/145.974/-720.627/1]
Object.isOvergrowth 1

Object.create nc_pine_cluster02
Object.absoluteTransformation [0.3496/0.0284018/-0.935236/0][0.0350405/0.998442/0.0434198/0][0.935012/-0.0479507/0.348061/0][373.869/150.885/-728.356/1]
Object.isOvergrowth 1

Object.create nc_pinebig01
Object.absoluteTransformation [-0.328542/0/-0.944489/0][0/1/0/0][0.944489/0/-0.328542/0][308.394/146.214/-717.08/1]
Object.isOvergrowth 1

Object.create nc_pinebig01
Object.absoluteTransformation [0.995603/0/-0.093669/0][0/1/0/0][0.093669/0/0.995603/0][309.716/146.821/-708.898/1]
Object.isOvergrowth 1

Object.create nc_pinebig01
Object.absoluteTransformation [0.451643/0/0.892199/0][0/1/0/0][-0.892199/0/0.451643/0][307.964/146.381/-713.517/1]
Object.isOvergrowth 1

Object.create nc_pinebig01
Object.absoluteTransformation [-0.83785/0/-0.5459/0][0/1/0/0][0.5459/0/-0.83785/0][284.34/145.98/-705.548/1]
Object.isOvergrowth 1

Object.create nc_pine_cluster02
Object.absoluteTransformation [0.134267/0.0119751/-0.990392/0][0.0289758/0.999452/0.0160129/0][0.990041/-0.0308474/0.133847/0][359.267/151.48/-716.115/1]
Object.isOvergrowth 1

Object.create nc_pine_cluster02
Object.absoluteTransformation [0.547481/0.0215787/-0.833854/0][0.0441408/0.997521/0.0547954/0][0.83297/-0.0668065/0.545172/0][368.34/154.005/-735.332/1]
Object.isOvergrowth 1

Object.create nc_pinebig01
Object.absoluteTransformation [-0.909829/0/0.414984/0][0/1/0/0][-0.414984/0/-0.909829/0][372.791/149.453/-718.573/1]
Object.isOvergrowth 1

Object.create nc_pinebig01
Object.absoluteTransformation [-0.0430213/0/0.999074/0][0/1/0/0][-0.999074/0/-0.0430213/0][321.371/147.93/-708.52/1]
Object.isOvergrowth 1

Object.create nc_pinebig01
Object.absoluteTransformation [0.605874/0/0.795561/0][0/1/0/0][-0.795561/0/0.605874/0][375.593/152.559/-760.71/1]
Object.isOvergrowth 1

Object.create nc_pinebig01
Object.absoluteTransformation [-0.731822/0/-0.681496/0][0/1/0/0][0.681496/0/-0.731822/0][383.81/152.611/-763.654/1]
Object.isOvergrowth 1

Object.create nc_pinebig01
Object.absoluteTransformation [0.434601/0/-0.900623/0][0/1/0/0][0.900623/0/0.434601/0][288.52/145.93/-708.572/1]
Object.isOvergrowth 1


rem Patch: 11, 2

Object.create nc_pinebig01
Object.absoluteTransformation [-0.906259/0/0.422723/0][0/1/0/0][-0.422723/0/-0.906259/0][411.133/150.284/-751.137/1]
Object.isOvergrowth 1

Object.create nc_pine_cluster02
Object.absoluteTransformation [0.94015/0.0104133/0.34043/0][-0.00610282/0.999887/-0.0137314/0][-0.340535/0.0108319/0.940107/0][456.401/146.403/-720.327/1]
Object.isOvergrowth 1

Object.create nc_pinebig01
Object.absoluteTransformation [0.793343/0/0.608774/0][0/1/0/0][-0.608774/0/0.793343/0][398.793/152.425/-747.795/1]
Object.isOvergrowth 1

Object.create nc_pine_cluster02
Object.absoluteTransformation [0.828852/-0.015238/0.55926/0][0.0122056/0.999884/0.0091542/0][-0.559335/-0.000761365/0.828941/0][440.463/147.133/-732.173/1]
Object.isOvergrowth 1

Object.create nc_pinebig01
Object.absoluteTransformation [-0.113865/0/-0.993496/0][0/1/0/0][0.993496/0/-0.113865/0][391.186/152.648/-754.113/1]
Object.isOvergrowth 1

Object.create nc_pine_cluster02
Object.absoluteTransformation [-0.395914/0.0132906/0.917675/0][0.0335504/0.999437/0/0][-0.917158/0.0307884/-0.396137/0][437.775/147.191/-719.024/1]
Object.isOvergrowth 1

Object.create nc_pinebig01
Object.absoluteTransformation [0.788158/0/0.615473/0][0/1/0/0][-0.615473/0/0.788158/0][434.78/147.282/-716.58/1]
Object.isOvergrowth 1


rem Patch: 12, 2


rem Patch: 13, 2


rem Patch: 14, 2


rem Patch: 15, 2


rem Patch: 0, 3


rem Patch: 1, 3


rem Patch: 2, 3


rem Patch: 3, 3


rem Patch: 4, 3


rem Patch: 5, 3


rem Patch: 6, 3


rem Patch: 7, 3


rem Patch: 8, 3


rem Patch: 9, 3

Object.create nc_pinebig01
Object.absoluteTransformation [-0.608329/0/-0.793685/0][0/1/0/0][0.793685/0/-0.608329/0][172.291/146.841/-617.407/1]
Object.isOvergrowth 1

Object.create nc_pine_cluster01
Object.absoluteTransformation [0.996922/-0.0314003/0.0714671/0][0.0318362/0.999481/-0.00495653/0][-0.0712743/0.00721651/0.997404/0][142.628/152.231/-634.746/1]
Object.isOvergrowth 1

Object.create nc_birch01
Object.absoluteTransformation [0.181241/0.00172723/-0.983423/0][0.00495902/0.999984/0.00267024/0][0.983412/-0.00536078/0.18123/0][139.551/150.567/-540.766/1]
Object.isOvergrowth 1

Object.create nc_pinebig01
Object.absoluteTransformation [0.978135/0/-0.207971/0][0/1/0/0][0.207971/0/0.978135/0][244.065/147.717/-638.79/1]
Object.isOvergrowth 1

Object.create nc_birch01
Object.absoluteTransformation [0.904977/0.00284436/-0.425425/0][-0.00457756/0.999985/-0.00305171/0][0.42541/0.00470914/0.904976/0][134.002/150.612/-543.368/1]
Object.isOvergrowth 1

Object.create nc_pinebig01
Object.absoluteTransformation [0.866915/0/0.498457/0][0/1/0/0][-0.498457/0/0.866915/0][182.973/151.711/-617.094/1]
Object.isOvergrowth 1

Object.create nc_pinebig01
Object.absoluteTransformation [-0.145657/0/0.989335/0][0/1/0/0][-0.989335/0/-0.145657/0][222.285/145.713/-625.614/1]
Object.isOvergrowth 1


rem Patch: 10, 3

Object.create nc_pinebig01
Object.absoluteTransformation [0.984235/0/0.176863/0][0/1/0/0][-0.176863/0/0.984235/0][377.404/146.691/-629.698/1]
Object.isOvergrowth 1


rem Patch: 11, 3

Object.create nc_slybush01
Object.absoluteTransformation [-0.0150339/-0.162402/-0.985518/0][-0.0488786/0.985633/-0.161675/0][0.997615/0.0457401/-0.0227558/0][430.143/142.394/-598.606/1]
Object.isOvergrowth 1


rem Patch: 12, 3


rem Patch: 13, 3


rem Patch: 14, 3


rem Patch: 15, 3


rem Patch: 0, 4


rem Patch: 1, 4

Object.create nc_pinebig01
Object.absoluteTransformation [-0.865752/0/0.500473/0][0/1/0/0][-0.500473/0/-0.865752/0][-886.196/155.278/-425.988/1]
Object.isOvergrowth 1

Object.create nc_pinebig01
Object.absoluteTransformation [0.394283/0/0.918989/0][0/1/0/0][-0.918989/0/0.394283/0][-802.332/158.408/-385.186/1]
Object.isOvergrowth 1

Object.create nc_pine_cluster02
Object.absoluteTransformation [0.118762/-0.0356116/-0.992229/0][-0.00609931/0.999312/-0.0365959/0][0.992849/0.0103981/0.118463/0][-807.472/156.133/-457.049/1]
Object.isOvergrowth 1

Object.create nc_pinebig01
Object.absoluteTransformation [-0.248633/0/-0.968598/0][0/1/0/0][0.968598/0/-0.248633/0][-823.685/151.428/-488.575/1]
Object.isOvergrowth 1


rem Patch: 2, 4

Object.create nc_pinebig01
Object.absoluteTransformation [0.958923/0/0.283666/0][0/1/0/0][-0.283666/0/0.958923/0][-690.036/157.941/-410.897/1]
Object.isOvergrowth 1

Object.create nc_pinebig01
Object.absoluteTransformation [-0.211818/0/-0.977309/0][0/1/0/0][0.977309/0/-0.211818/0][-669.123/154.407/-433.924/1]
Object.isOvergrowth 1


rem Patch: 3, 4


rem Patch: 4, 4


rem Patch: 5, 4


rem Patch: 6, 4


rem Patch: 7, 4

Object.create nc_pinebig01
Object.absoluteTransformation [0.965494/0/-0.260424/0][0/1/0/0][0.260424/0/0.965494/0][-22.7502/141.726/-397.924/1]
Object.isOvergrowth 1

Object.create nc_pinebig01
Object.absoluteTransformation [0.461578/0/-0.8871/0][0/1/0/0][0.8871/0/0.461578/0][-29.6765/141.726/-424.17/1]
Object.isOvergrowth 1

Object.create nc_pine_cluster02
Object.absoluteTransformation [0.67853/0/-0.734573/0][0/1/0/0][0.734573/0/0.67853/0][-77.8501/142.148/-385.357/1]
Object.isOvergrowth 1

Object.create nc_pine_cluster02
Object.absoluteTransformation [0.247602/0/0.968862/0][0/1/0/0][-0.968862/0/0.247602/0][-12.1899/142.179/-454.346/1]
Object.isOvergrowth 1

Object.create nc_pine_cluster02
Object.absoluteTransformation [-0.817436/0/0.576019/0][0/1/0/0][-0.576019/0/-0.817436/0][-38.2056/142.148/-386.604/1]
Object.isOvergrowth 1


rem Patch: 8, 4

Object.create nc_pinebig01
Object.absoluteTransformation [-0.972847/0/-0.231451/0][0/1/0/0][0.231451/0/-0.972847/0][67.9481/143.44/-427.564/1]
Object.isOvergrowth 1

Object.create nc_pine_cluster01
Object.absoluteTransformation [-0.449025/0/-0.893519/0][0/1/0/0][0.893519/0/-0.449025/0][29.917/146.488/-435.052/1]
Object.isOvergrowth 1

Object.create nc_pine_cluster02
Object.absoluteTransformation [0.996768/0/0.080338/0][0/1/0/0][-0.080338/0/0.996768/0][48.4483/142.179/-424.298/1]
Object.isOvergrowth 1

Object.create nc_pinebig01
Object.absoluteTransformation [0.558283/0/-0.829651/0][0/1/0/0][0.829651/0/0.558283/0][49.917/141.756/-493.316/1]
Object.isOvergrowth 1

Object.create nc_pinebig01
Object.absoluteTransformation [0.348902/0/0.937159/0][0/1/0/0][-0.937159/0/0.348902/0][71.1365/140.427/-479.192/1]
Object.isOvergrowth 1

Object.create nc_birch01
Object.absoluteTransformation [0.23915/-0.00783517/0.970321/0][0.0358351/0.999357/-0.000762449/0][-0.969691/0.0349539/0.239277/0][84.5254/144.824/-423.441/1]
Object.isOvergrowth 1

Object.create nc_birch01
Object.absoluteTransformation [0.707196/-0.0506356/-0.705171/0][0.0312397/0.998696/-0.040383/0][0.706297/0.00652938/0.707856/0][84.3713/145.606/-452.008/1]
Object.isOvergrowth 1

Object.create nc_pinebig01
Object.absoluteTransformation [0.967439/0/-0.253105/0][0/1/0/0][0.253105/0/0.967439/0][66.3762/141.535/-481.056/1]
Object.isOvergrowth 1

Object.create nc_pine_cluster02
Object.absoluteTransformation [0.469182/0/-0.883102/0][0/1/0/0][0.883102/0/0.469182/0][54.822/142.179/-427.01/1]
Object.isOvergrowth 1

Object.create nc_pinebig01
Object.absoluteTransformation [0.329323/0/-0.944217/0][0/1/0/0][0.944217/0/0.329323/0][72.7643/140.863/-463.975/1]
Object.isOvergrowth 1

Object.create nc_pinebig01
Object.absoluteTransformation [0.491385/0/-0.870942/0][0/1/0/0][0.870942/0/0.491385/0][23.8735/141.756/-430.07/1]
Object.isOvergrowth 1

Object.create nc_pinebig01
Object.absoluteTransformation [-0.284633/0/-0.958637/0][0/1/0/0][0.958637/0/-0.284633/0][76.2304/143.359/-387.772/1]
Object.isOvergrowth 1

Object.create nc_pinebig01
Object.absoluteTransformation [-0.856107/0/0.516799/0][0/1/0/0][-0.516799/0/-0.856107/0][60.1224/141.756/-455.636/1]
Object.isOvergrowth 1

Object.create nc_pinebig01
Object.absoluteTransformation [-0.167686/0/0.98584/0][0/1/0/0][-0.98584/0/-0.167686/0][63.7238/142.655/-432.506/1]
Object.isOvergrowth 1

Object.create nc_pinebig01
Object.absoluteTransformation [0.983075/0/-0.183204/0][0/1/0/0][0.183204/0/0.983075/0][70.4183/141.441/-465.162/1]
Object.isOvergrowth 1

Object.create nc_pinebig01
Object.absoluteTransformation [-0.369001/0/0.929429/0][0/1/0/0][-0.929429/0/-0.369001/0][19.713/141.756/-433.056/1]
Object.isOvergrowth 1

Object.create nc_pine_cluster02
Object.absoluteTransformation [-0.0658729/0/0.997828/0][0/1/0/0][-0.997828/0/-0.0658729/0][46.3113/142.179/-458.056/1]
Object.isOvergrowth 1

Object.create nc_fern01
Object.absoluteTransformation [0.795399/-0.012403/-0.60527/0][-0.00762562/0.999506/-0.0305025/0][0.605349/0.0288772/0.794911/0][120.899/131.974/-393.241/1]
Object.isOvergrowth 1

Object.create nc_pine_cluster02
Object.absoluteTransformation [-0.00851017/0/0.999964/0][0/1/0/0][-0.999964/0/-0.00851017/0][51.6353/142.179/-449.13/1]
Object.isOvergrowth 1

Object.create nc_leafybush01
Object.absoluteTransformation [0.379934/-0.0433134/-0.923875/0][0.0304854/0.998947/-0.0342961/0][0.924387/-0.0151344/0.380855/0][102.07/132.323/-429.99/1]
Object.isOvergrowth 1

Object.create nc_pine_cluster02
Object.absoluteTransformation [0.97282/0/0.231565/0][0/1/0/0][-0.231565/0/0.97282/0][21.0729/142.179/-449.05/1]
Object.isOvergrowth 1

Object.create nc_pine_cluster02
Object.absoluteTransformation [0.989384/0/-0.145323/0][0/1/0/0][0.145323/0/0.989384/0][55.0173/142.179/-485.553/1]
Object.isOvergrowth 1

Object.create nc_fern01
Object.absoluteTransformation [0.880274/-0.243407/-0.402438/0][0.247381/0.967905/-0.0443071/0][0.400306/-0.0605532/0.912236/0][96.036/133.249/-416.462/1]
Object.isOvergrowth 1

Object.create nc_fern01
Object.absoluteTransformation [-0.744895/0.237559/0.596621/0][0.298532/0.954372/-0.00728127/0][-0.571128/0.172687/-0.781826/0][96.6479/133.831/-394.075/1]
Object.isOvergrowth 1

Object.create nc_pine_cluster02
Object.absoluteTransformation [0.249104/0/0.968477/0][0/1/0/0][-0.968477/0/0.249104/0][45.0177/142.179/-442.191/1]
Object.isOvergrowth 1

Object.create nc_fern01
Object.absoluteTransformation [0.966311/-0.0349656/0.242351/0][0.0532048/0.996238/-0.0684062/0][-0.239047/0.0789958/0.964536/0][103.637/131.7/-432.732/1]
Object.isOvergrowth 1

Object.create nc_fern01
Object.absoluteTransformation [-0.593311/0.163146/0.769897/0][0.233594/0.971988/-0.0259549/0][-0.752565/0.164444/-0.614801/0][97.4727/132.467/-427.726/1]
Object.isOvergrowth 1


rem Patch: 9, 4

Object.create nc_fern01
Object.absoluteTransformation [-0.991722/0/-0.128403/0][0/1/0/0][0.128403/0/-0.991722/0][136.867/132.837/-460.238/1]
Object.isOvergrowth 1

Object.create nc_leafybush01
Object.absoluteTransformation [-0.441086/-0.116509/0.887527/0][-0.109641/0.991091/0.0756142/0][-0.88843/-0.0639567/-0.44993/0][133.351/132.72/-466.42/1]
Object.isOvergrowth 1

Object.create nc_leafybush01
Object.absoluteTransformation [0.0806873/0/0.996739/0][0/1/0/0][-0.996739/0/0.0806873/0][138.927/133.172/-434.182/1]
Object.isOvergrowth 1

Object.create nc_birch01
Object.absoluteTransformation [0.983622/0.0198206/-0.179094/0][-0.0186881/0.999793/0.0080092/0][0.179216/-0.00453109/0.983789/0][182.608/143.521/-444.685/1]
Object.isOvergrowth 1

Object.create nc_leafybush01
Object.absoluteTransformation [-0.158638/-0.0728027/-0.924243/0][-0.346994/0.937758/-0.014309/0][0.867758/0.318437/-0.174026/0][178.616/134.106/-431.684/1]
Object.isOvergrowth 1

Object.create nc_leafybush01
Object.absoluteTransformation [-0.602367/0.358125/0.681364/0][0.395498/0.909452/-0.128364/0][-0.665639/0.192157/-0.689462/0][145.462/132.481/-406.062/1]
Object.isOvergrowth 1

Object.create nc_fern01
Object.absoluteTransformation [0.869977/0/-0.493092/0][0/1/0/0][0.493092/0/0.869977/0][141.172/132.837/-435.022/1]
Object.isOvergrowth 1

Object.create nc_leafybush01
Object.absoluteTransformation [-0.308579/0/-0.951199/0][0/1/0/0][0.951199/0/-0.308579/0][213.29/135.773/-412.12/1]
Object.isOvergrowth 1


rem Patch: 10, 4

Object.create nc_stump02
Object.absoluteTransformation [-0.694769/0/-0.719233/0][0/1/0/0][0.719233/0/-0.694769/0][316.093/135.076/-410.999/1]
Object.isOvergrowth 1

Object.create nc_pinebig01
Object.absoluteTransformation [0.987057/0/-0.160371/0][0/1/0/0][0.160371/0/0.987057/0][352.155/137.971/-406.139/1]
Object.isOvergrowth 1


rem Patch: 11, 4


rem Patch: 12, 4


rem Patch: 13, 4


rem Patch: 14, 4


rem Patch: 15, 4


rem Patch: 0, 5

Object.create nc_pinebig01
Object.absoluteTransformation [0.237286/0/-0.97144/0][0/1/0/0][0.97144/0/0.237286/0][-903.191/156.947/-330.641/1]
Object.isOvergrowth 1


rem Patch: 1, 5

Object.create nc_pinebig01
Object.absoluteTransformation [0.64301/0/0.765857/0][0/1/0/0][-0.765857/0/0.64301/0][-815.695/155.337/-350.287/1]
Object.isOvergrowth 1

Object.create nc_pinebig01
Object.absoluteTransformation [0.385705/0/-0.922622/0][0/1/0/0][0.922622/0/0.385705/0][-802.536/162.15/-260.875/1]
Object.isOvergrowth 1

Object.create nc_pine_cluster02
Object.absoluteTransformation [-0.939919/0.0131753/0.340901/0][0.0167818/0.99983/0.00762809/0][-0.340742/0.0128907/-0.93998/0][-834.602/155.71/-357.372/1]
Object.isOvergrowth 1

Object.create nc_pinebig01
Object.absoluteTransformation [-0.602657/0/-0.798/0][0/1/0/0][0.798/0/-0.602657/0][-890.237/155.986/-310.3/1]
Object.isOvergrowth 1

Object.create nc_pinebig01
Object.absoluteTransformation [-0.694088/0/-0.71989/0][0/1/0/0][0.71989/0/-0.694088/0][-851.604/158.165/-353.455/1]
Object.isOvergrowth 1

Object.create nc_pinebig01
Object.absoluteTransformation [0.0023721/0/0.999997/0][0/1/0/0][-0.999997/0/0.0023721/0][-838.293/155.705/-362.808/1]
Object.isOvergrowth 1


rem Patch: 2, 5

Object.create nc_pinebig01
Object.absoluteTransformation [-0.716882/0/0.697194/0][0/1/0/0][-0.697194/0/-0.716882/0][-694.105/157/-362.1/1]
Object.isOvergrowth 1

Object.create nc_pine_cluster01
Object.absoluteTransformation [0.916441/-0.00573287/0.399958/0][0.00991737/0.999916/-0.00839162/0][-0.399877/0.011657/0.916421/0][-712.598/164.163/-335.762/1]
Object.isOvergrowth 1

Object.create nc_pinebig01
Object.absoluteTransformation [0.0987059/0/0.995117/0][0/1/0/0][-0.995117/0/0.0987059/0][-698.33/157.432/-377.926/1]
Object.isOvergrowth 1

Object.create nc_pinebig01
Object.absoluteTransformation [-0.254502/0/-0.967072/0][0/1/0/0][0.967072/0/-0.254502/0][-650.477/157.35/-361.008/1]
Object.isOvergrowth 1

Object.create nc_pinebig01
Object.absoluteTransformation [0.0224813/0/-0.999747/0][0/1/0/0][0.999747/0/0.0224813/0][-719.227/163.487/-322.284/1]
Object.isOvergrowth 1

Object.create nc_pinebig01
Object.absoluteTransformation [0.873813/0/0.486263/0][0/1/0/0][-0.486263/0/0.873813/0][-645.98/155.474/-332.636/1]
Object.isOvergrowth 1

Object.create nc_pinebig01
Object.absoluteTransformation [-0.833239/0/0.552912/0][0/1/0/0][-0.552912/0/-0.833239/0][-714.351/163.284/-318.837/1]
Object.isOvergrowth 1

Object.create nc_pinebig01
Object.absoluteTransformation [-0.597845/0/-0.801612/0][0/1/0/0][0.801612/0/-0.597845/0][-713.467/162.398/-308.065/1]
Object.isOvergrowth 1

Object.create nc_pinebig01
Object.absoluteTransformation [-0.858311/0/0.51313/0][0/1/0/0][-0.51313/0/-0.858311/0][-690.922/156.561/-352.192/1]
Object.isOvergrowth 1

Object.create nc_pinebig01
Object.absoluteTransformation [0.703707/0/-0.71049/0][0/1/0/0][0.71049/0/0.703707/0][-723.346/164.711/-305.431/1]
Object.isOvergrowth 1

Object.create nc_pine_cluster01
Object.absoluteTransformation [0.879276/-0.00479368/0.476265/0][0.00648483/0.999977/-0.0019073/0][-0.476245/0.00476555/0.879287/0][-703.679/161.721/-344.774/1]
Object.isOvergrowth 1

Object.create nc_pinebig01
Object.absoluteTransformation [-0.725322/0/-0.68841/0][0/1/0/0][0.68841/0/-0.725322/0][-689.262/155.519/-336.38/1]
Object.isOvergrowth 1

Object.create nc_pinebig01
Object.absoluteTransformation [-0.985902/0/0.167322/0][0/1/0/0][-0.167322/0/-0.985902/0][-650.478/157.064/-383.703/1]
Object.isOvergrowth 1

Object.create nc_pinebig01
Object.absoluteTransformation [0.261872/0/0.965103/0][0/1/0/0][-0.965103/0/0.261872/0][-642.502/155.581/-328.155/1]
Object.isOvergrowth 1

Object.create nc_pinebig01
Object.absoluteTransformation [0.945499/0/0.325625/0][0/1/0/0][-0.325625/0/0.945499/0][-685.874/155.284/-336.912/1]
Object.isOvergrowth 1

Object.create nc_pinebig01
Object.absoluteTransformation [0.421258/0/0.906941/0][0/1/0/0][-0.906941/0/0.421258/0][-726.073/165.092/-317.43/1]
Object.isOvergrowth 1


rem Patch: 3, 5

Object.create nc_pine_cluster02
Object.absoluteTransformation [-0.371856/0.0283265/0.927844/0][0.0152525/0.999586/-0.0244039/0][-0.928151/0.00507717/-0.372134/0][-522.319/157.338/-285.514/1]
Object.isOvergrowth 1

Object.create nc_pinebig01
Object.absoluteTransformation [0.481369/0/0.876518/0][0/1/0/0][-0.876518/0/0.481369/0][-530.948/149.928/-344.812/1]
Object.isOvergrowth 1

Object.create nc_pinebig01
Object.absoluteTransformation [0.995576/0/0.0939643/0][0/1/0/0][-0.0939643/0/0.995576/0][-523.521/148.019/-350.893/1]
Object.isOvergrowth 1

Object.create nc_pinebig01
Object.absoluteTransformation [0.356272/0/-0.934382/0][0/1/0/0][0.934382/0/0.356272/0][-536.293/151.503/-342.697/1]
Object.isOvergrowth 1

Object.create nc_pinebig01
Object.absoluteTransformation [0.0257318/0/-0.999669/0][0/1/0/0][0.999669/0/0.0257318/0][-534.197/150.577/-349.126/1]
Object.isOvergrowth 1

Object.create nc_pine_cluster01
Object.absoluteTransformation [0.932114/-0.00174968/-0.362127/0][0.00343318/0.999986/0.00400537/0][0.362115/-0.00497671/0.932107/0][-518.964/163.287/-256.885/1]
Object.isOvergrowth 1

Object.create nc_pinebig01
Object.absoluteTransformation [-0.0818496/0/0.996645/0][0/1/0/0][-0.996645/0/-0.0818496/0][-629.826/156.943/-322.513/1]
Object.isOvergrowth 1

Object.create nc_pinebig01
Object.absoluteTransformation [-0.558845/0/-0.829272/0][0/1/0/0][0.829272/0/-0.558845/0][-633.371/155.844/-328.886/1]
Object.isOvergrowth 1

Object.create nc_pinebig01
Object.absoluteTransformation [-0.598716/0/0.800961/0][0/1/0/0][-0.800961/0/-0.598716/0][-633.11/156.925/-321.429/1]
Object.isOvergrowth 1

Object.create nc_pinebig01
Object.absoluteTransformation [-0.377044/0/0.926195/0][0/1/0/0][-0.926195/0/-0.377044/0][-607.752/156.213/-325.108/1]
Object.isOvergrowth 1

Object.create nc_pinebig01
Object.absoluteTransformation [0.953045/0/-0.302829/0][0/1/0/0][0.302829/0/0.953045/0][-601.372/157.332/-276.313/1]
Object.isOvergrowth 1


rem Patch: 4, 5

Object.create nc_pinebig01
Object.absoluteTransformation [-0.975886/0/0.21828/0][0/1/0/0][-0.21828/0/-0.975886/0][-426.453/143.192/-374.499/1]
Object.isOvergrowth 1

Object.create nc_pinebig01
Object.absoluteTransformation [0.863527/0/0.504302/0][0/1/0/0][-0.504302/0/0.863527/0][-400.211/148.098/-360.959/1]
Object.isOvergrowth 1

Object.create nc_pinebig01
Object.absoluteTransformation [0.655294/0/-0.755374/0][0/1/0/0][0.755374/0/0.655294/0][-508.86/157.503/-268.391/1]
Object.isOvergrowth 1

Object.create nc_pine_cluster01
Object.absoluteTransformation [-0.729725/-0.00487901/-0.683723/0][-0.00400538/0.999988/-0.00286099/0][0.683728/0.000650835/-0.729736/0][-423.286/158.481/-260.208/1]
Object.isOvergrowth 1

Object.create nc_pine_cluster02
Object.absoluteTransformation [-0.944886/0.0114248/0.326915/0][0.0152564/0.999842/0.00915382/0][-0.326758/0.0136368/-0.944911/0][-391.782/147.842/-298.745/1]
Object.isOvergrowth 1

Object.create nc_pine_cluster02
Object.absoluteTransformation [-0.247578/0.0510526/0.966424/0][-0.0319676/0.997632/-0.0608906/0][-0.967245/-0.0459694/-0.24536/0][-476.633/154.445/-287.174/1]
Object.isOvergrowth 1

Object.create nc_pine_cluster01
Object.absoluteTransformation [0.293552/0.00532917/0.955928/0][-0.000762928/0.999985/-0.0053405/0][-0.955943/0.000838406/0.293551/0][-487.536/155.769/-323.312/1]
Object.isOvergrowth 1

Object.create nc_pine_cluster02
Object.absoluteTransformation [0.988259/-0.0461664/0.144071/0][0.0487649/0.998705/-0.0144771/0][-0.143216/0.0213327/0.989231/0][-433.712/155.396/-262.886/1]
Object.isOvergrowth 1

Object.create nc_pine_cluster01
Object.absoluteTransformation [0.4385/-0.00697079/-0.898574/0][-0.0106796/0.999859/-0.0129681/0][0.898538/0.015283/0.438364/0][-427.584/153.879/-329.377/1]
Object.isOvergrowth 1

Object.create nc_pinebig01
Object.absoluteTransformation [0.610046/0/0.792366/0][0/1/0/0][-0.792366/0/0.610046/0][-419.739/142.666/-377.239/1]
Object.isOvergrowth 1

Object.create nc_pinebig01
Object.absoluteTransformation [-0.957553/0/0.288256/0][0/1/0/0][-0.288256/0/-0.957553/0][-413.21/146.251/-357.615/1]
Object.isOvergrowth 1

Object.create nc_pine_cluster01
Object.absoluteTransformation [0.70461/-0.00401308/0.70952/0][0.00953624/0.999947/-0.00381449/0][-0.709467/0.00945388/0.704612/0][-432.94/159.077/-269.543/1]
Object.isOvergrowth 1

Object.create nc_pinebig01
Object.absoluteTransformation [0.612883/0/0.790174/0][0/1/0/0][-0.790174/0/0.612883/0][-404.915/148.899/-352.191/1]
Object.isOvergrowth 1

Object.create nc_pine_cluster02
Object.absoluteTransformation [0.489938/-0.0389458/-0.870411/0][0.0441985/0.998826/-0.0198131/0][0.870161/-0.0287637/0.491084/0][-408.152/152.246/-283.605/1]
Object.isOvergrowth 1

Object.create nc_pine_cluster02
Object.absoluteTransformation [-0.975436/0.00209689/0.217648/0][-0.00533749/0.999423/-0.0335499/0][-0.217592/-0.0338875/-0.974862/0][-505.007/153.52/-293.137/1]
Object.isOvergrowth 1

Object.create nc_pine_cluster01
Object.absoluteTransformation [0.0671278/-3.84108e-005/-0.997744/0][0.000572204/1/0/0][0.997744/-0.000570913/0.0671278/0][-432.169/158.758/-280.677/1]
Object.isOvergrowth 1


rem Patch: 5, 5

Object.create nc_pine_cluster02
Object.absoluteTransformation [-0.930325/0/-0.366736/0][0/1/0/0][0.366736/0/-0.930325/0][-289.671/149.877/-263.823/1]
Object.isOvergrowth 1

Object.create nc_pinebig01
Object.absoluteTransformation [-0.943312/0/0.331907/0][0/1/0/0][-0.331907/0/-0.943312/0][-301.336/151.56/-359.765/1]
Object.isOvergrowth 1

Object.create nc_pinebig01
Object.absoluteTransformation [-0.988397/0/-0.151895/0][0/1/0/0][0.151895/0/-0.988397/0][-378.206/151.028/-260.686/1]
Object.isOvergrowth 1

Object.create nc_pine_cluster01
Object.absoluteTransformation [0.894151/0.00272771/-0.447746/0][-0.00381466/0.999992/-0.00152587/0][0.447738/0.00307235/0.894154/0][-365.844/154.773/-337.391/1]
Object.isOvergrowth 1

Object.create nc_pine_cluster02
Object.absoluteTransformation [0.944061/0.0220448/0.328853/0][-0.0244067/0.999697/0.00305083/0][-0.328686/-0.0109064/0.944313/0][-366.633/150.162/-323.217/1]
Object.isOvergrowth 1

Object.create nc_pinebig01
Object.absoluteTransformation [-0.450689/0/-0.892681/0][0/1/0/0][0.892681/0/-0.450689/0][-311.614/150.154/-356.368/1]
Object.isOvergrowth 1

Object.create nc_pine_cluster02
Object.absoluteTransformation [-0.865402/0.0280566/0.500149/0][0.018302/0.999535/-0.0244027/0][-0.500601/-0.0119644/-0.865513/0][-345.448/151.421/-330.753/1]
Object.isOvergrowth 1

Object.create nc_pine_cluster02
Object.absoluteTransformation [0.820969/0.0121887/-0.570572/0][0/0.999772/0.0213574/0][0.570703/-0.0175338/0.820782/0][-258.145/149.967/-257.203/1]
Object.isOvergrowth 1

Object.create nc_pine_cluster02
Object.absoluteTransformation [-0.931512/-0.0226687/0.363002/0][-0.0213568/0.999743/0.00762743/0][-0.363081/-0.000647507/-0.931757/0][-266.516/150.951/-268.996/1]
Object.isOvergrowth 1

Object.create nc_pinebig01
Object.absoluteTransformation [0.969335/0/0.245742/0][0/1/0/0][-0.245742/0/0.969335/0][-374.955/148.205/-332.284/1]
Object.isOvergrowth 1

Object.create nc_pinebig01
Object.absoluteTransformation [-0.44679/0/0.894639/0][0/1/0/0][-0.894639/0/-0.44679/0][-301.498/151.446/-347.629/1]
Object.isOvergrowth 1

Object.create nc_pine_cluster02
Object.absoluteTransformation [0.921034/-0.0128662/-0.389172/0][0.0152569/0.999879/0.00305139/0][0.389086/-0.00874801/0.921118/0][-301.887/150.795/-264.229/1]
Object.isOvergrowth 1

Object.create nc_pine_cluster01
Object.absoluteTransformation [-0.987702/-0.00343159/-0.156298/0][-0.00305173/0.999992/-0.00267026/0][0.156306/-0.00216044/-0.987704/0][-353.79/155.854/-327.434/1]
Object.isOvergrowth 1

Object.create nc_pine_cluster01
Object.absoluteTransformation [0.38119/0.0112479/0.924413/0][-0.00915456/0.999923/-0.00839168/0][-0.924436/-0.00526377/0.381264/0][-375.083/155.006/-277.156/1]
Object.isOvergrowth 1

Object.create nc_pinebig01
Object.absoluteTransformation [0.260608/0/-0.965445/0][0/1/0/0][0.965445/0/0.260608/0][-374.53/146.173/-381.755/1]
Object.isOvergrowth 1

Object.create nc_pine_cluster02
Object.absoluteTransformation [-0.607901/-0.0174707/-0.793782/0][-0.0167816/0.999817/-0.00915359/0][0.793797/0.00775645/-0.608083/0][-357.854/151.423/-318.997/1]
Object.isOvergrowth 1

Object.create nc_pine_cluster02
Object.absoluteTransformation [0.539561/0.0153791/0.841663/0][-0.0213572/0.999761/-0.00457654/0][-0.841533/-0.0155062/0.539761/0][-372.958/152.139/-256.363/1]
Object.isOvergrowth 1

Object.create nc_pinebig01
Object.absoluteTransformation [0.89561/0/0.44484/0][0/1/0/0][-0.44484/0/0.89561/0][-269.468/152.431/-363.499/1]
Object.isOvergrowth 1

Object.create nc_pinebig01
Object.absoluteTransformation [0.452649/0/0.891689/0][0/1/0/0][-0.891689/0/0.452649/0][-307.406/150.373/-354.124/1]
Object.isOvergrowth 1

Object.create nc_pine_cluster01
Object.absoluteTransformation [0.437343/-0.000862327/-0.899294/0][-0.000381469/0.999999/-0.00114441/0][0.899294/0.000843551/0.437342/0][-274.778/155.025/-306.064/1]
Object.isOvergrowth 1

Object.create nc_pine_cluster02
Object.absoluteTransformation [-0.666487/0.00813582/0.745417/0][0.0122061/0.999925/0/0][-0.745361/0.00909864/-0.666537/0][-295.122/150.319/-267.276/1]
Object.isOvergrowth 1

Object.create nc_pine_cluster01
Object.absoluteTransformation [0.413382/-0.00224179/-0.910555/0][0.000381468/0.999997/-0.00228881/0][0.910557/0.000598805/0.413382/0][-317.846/154.731/-351.567/1]
Object.isOvergrowth 1


rem Patch: 6, 5

Object.create nc_pinebig01
Object.absoluteTransformation [0.85537/0/0.518018/0][0/1/0/0][-0.518018/0/0.85537/0][-234.351/145.224/-381.682/1]
Object.isOvergrowth 1

Object.create nc_pinebig01
Object.absoluteTransformation [-0.18803/0/0.982163/0][0/1/0/0][-0.982163/0/-0.18803/0][-155.973/147.728/-261.112/1]
Object.isOvergrowth 1

Object.create nc_pinebig01
Object.absoluteTransformation [0.00348742/0/-0.999994/0][0/1/0/0][0.999994/0/0.00348742/0][-150.561/141.987/-370.809/1]
Object.isOvergrowth 1

Object.create nc_pinebig01
Object.absoluteTransformation [-0.903543/0/-0.428497/0][0/1/0/0][0.428497/0/-0.903543/0][-134.06/140.701/-315.068/1]
Object.isOvergrowth 1

Object.create nc_pine_cluster01
Object.absoluteTransformation [0.296618/-8.83021e-005/0.954995/0][0.00152588/0.999999/-0.000381469/0][-0.954994/0.00157035/0.296618/0][-200.4/153.932/-301.906/1]
Object.isOvergrowth 1

Object.create nc_pinebig01
Object.absoluteTransformation [-0.812366/0/0.583148/0][0/1/0/0][-0.583148/0/-0.812366/0][-142.267/140.666/-315.28/1]
Object.isOvergrowth 1

Object.create nc_pinebig01
Object.absoluteTransformation [0.507762/0/0.861497/0][0/1/0/0][-0.861497/0/0.507762/0][-154.106/148.022/-278.732/1]
Object.isOvergrowth 1

Object.create nc_pinebig01
Object.absoluteTransformation [-0.28267/0/-0.959217/0][0/1/0/0][0.959217/0/-0.28267/0][-148.588/142.155/-309.707/1]
Object.isOvergrowth 1

Object.create nc_pinebig01
Object.absoluteTransformation [-0.332125/0/-0.943235/0][0/1/0/0][0.943235/0/-0.332125/0][-196.47/149.273/-285.615/1]
Object.isOvergrowth 1

Object.create nc_pinebig01
Object.absoluteTransformation [0.890072/0/-0.455819/0][0/1/0/0][0.455819/0/0.890072/0][-185.541/148.389/-300.512/1]
Object.isOvergrowth 1

Object.create nc_pinebig01
Object.absoluteTransformation [0.468171/0/0.883638/0][0/1/0/0][-0.883638/0/0.468171/0][-164.98/148.378/-266.773/1]
Object.isOvergrowth 1

Object.create nc_pine_cluster01
Object.absoluteTransformation [-0.986925/-0.00370335/0.161137/0][-0.00381467/0.999993/-0.000381467/0][-0.161135/-0.000991164/-0.986932/0][-133.538/153.069/-265.977/1]
Object.isOvergrowth 1

Object.create nc_pinebig01
Object.absoluteTransformation [-0.877952/0/0.478749/0][0/1/0/0][-0.478749/0/-0.877952/0][-205.347/149.565/-348.882/1]
Object.isOvergrowth 1

Object.create nc_pinebig01
Object.absoluteTransformation [-0.973364/0/-0.229267/0][0/1/0/0][0.229267/0/-0.973364/0][-146.062/143.76/-359.24/1]
Object.isOvergrowth 1

Object.create nc_pine_cluster02
Object.absoluteTransformation [0.654202/-0.00577627/-0.755476/0][-0.0228736/0.999361/-0.0274483/0][0.755152/0.0352371/0.653652/0][-143.937/142.414/-376.007/1]
Object.isOvergrowth 1

Object.create nc_pinebig01
Object.absoluteTransformation [-0.651579/0/0.758581/0][0/1/0/0][-0.758581/0/-0.651579/0][-136.689/142.537/-308.666/1]
Object.isOvergrowth 1

Object.create nc_pine_cluster02
Object.absoluteTransformation [-0.693738/-0.0147244/0.718985/0][0.0182942/0.999106/0.0381128/0][-0.718904/0.0395936/-0.692849/0][-215.728/150.672/-287.78/1]
Object.isOvergrowth 1

Object.create nc_pinebig01
Object.absoluteTransformation [0.0898681/0/-0.995954/0][0/1/0/0][0.995954/0/0.0898681/0][-201.596/149.324/-287.993/1]
Object.isOvergrowth 1

Object.create nc_pine_cluster02
Object.absoluteTransformation [0.582512/0.00231514/-0.812798/0][-0.00610339/0.99998/-0.00152585/0][0.812778/0.00584965/0.582515/0][-200.045/149.409/-268.159/1]
Object.isOvergrowth 1

Object.create nc_pine_cluster02
Object.absoluteTransformation [0.7582/0.0164051/0.651292/0][0.00457546/0.999524/-0.030503/0][-0.651483/0.0261074/0.757764/0][-190.096/149.849/-264.745/1]
Object.isOvergrowth 1

Object.create nc_pine_cluster02
Object.absoluteTransformation [0.411033/-0.00766269/-0.911491/0][0.015257/0.999882/-0.0015257/0][0.911396/-0.0132795/0.411102/0][-164.132/148.269/-257.039/1]
Object.isOvergrowth 1

Object.create nc_pine_cluster01
Object.absoluteTransformation [0.589693/0.00245471/-0.807593/0][0.00419605/0.999973/0.00610334/0][0.807586/-0.0069878/0.589667/0][-253.273/155.955/-272.43/1]
Object.isOvergrowth 1

Object.create nc_pine_cluster01
Object.absoluteTransformation [0.259467/0.00169908/-0.965749/0][-0.00228881/0.999997/0.0011444/0][0.965747/0.00191348/0.25947/0][-212.681/153.384/-274.002/1]
Object.isOvergrowth 1

Object.create nc_pine_cluster02
Object.absoluteTransformation [0.953245/0.0361199/-0.300017/0][-0.0335473/0.999343/0.0137239/0][0.300315/-0.00301748/0.953831/0][-243.225/154.103/-315.765/1]
Object.isOvergrowth 1

Object.create nc_pine_cluster02
Object.absoluteTransformation [-0.517159/-0.0374153/-0.855051/0][-0.0243965/0.999282/-0.0289709/0][0.855522/0.00587774/-0.5177/0][-153.057/139.94/-384.03/1]
Object.isOvergrowth 1

Object.create nc_pine_cluster02
Object.absoluteTransformation [-0.695389/-0.0157441/0.717946/0][-0.0305025/0.999506/-0.00762562/0][-0.71747/-0.0272019/-0.695525/0][-210.52/148.518/-260.55/1]
Object.isOvergrowth 1

Object.create nc_pine_cluster01
Object.absoluteTransformation [0.750845/0.00701917/-0.660385/0][0.000381446/0.999939/0.0110619/0][0.660423/-0.0085577/0.750796/0][-222.192/154.86/-285.767/1]
Object.isOvergrowth 1


rem Patch: 7, 5

Object.create nc_pine_cluster02
Object.absoluteTransformation [-0.587445/0/0.809264/0][0/1/0/0][-0.809264/0/-0.587445/0][-43.2651/142.148/-376.683/1]
Object.isOvergrowth 1

Object.create nc_pinebig01
Object.absoluteTransformation [0.684517/0/0.728997/0][0/1/0/0][-0.728997/0/0.684517/0][-27.6483/141.726/-380.523/1]
Object.isOvergrowth 1

Object.create nc_pine_cluster02
Object.absoluteTransformation [0.646522/0.0121928/-0.762737/0][-0.0152569/0.999879/0.00305139/0][0.762682/0.00966424/0.64663/0][-114.43/142.731/-361.294/1]
Object.isOvergrowth 1

Object.create nc_pine_cluster02
Object.absoluteTransformation [0.746641/0/-0.665227/0][0/1/0/0][0.665227/0/0.746641/0][-115.896/149.877/-256.437/1]
Object.isOvergrowth 1

Object.create nc_pinebig01
Object.absoluteTransformation [0.953521/0/0.301325/0][0/1/0/0][-0.301325/0/0.953521/0][-47.2522/141.726/-374.489/1]
Object.isOvergrowth 1

Object.create nc_pine_cluster01
Object.absoluteTransformation [-0.948846/0/-0.315741/0][0/1/0/0][0.315741/0/-0.948846/0][-62.2339/146.457/-374.784/1]
Object.isOvergrowth 1

Object.create nc_pinebig01
Object.absoluteTransformation [0.546505/0/0.837456/0][0/1/0/0][-0.837456/0/0.546505/0][-85.3986/143.949/-348.567/1]
Object.isOvergrowth 1

Object.create nc_pinebig01
Object.absoluteTransformation [0.911892/0/0.410431/0][0/1/0/0][-0.410431/0/0.911892/0][-118.157/142.373/-367.808/1]
Object.isOvergrowth 1

Object.create nc_pinebig01
