rem Patch: 0, 0


rem Patch: 1, 0


rem Patch: 2, 0


rem Patch: 3, 0


rem Patch: 4, 0


rem Patch: 5, 0


rem Patch: 6, 0


rem Patch: 7, 0


rem Patch: 8, 0


rem Patch: 9, 0


rem Patch: 10, 0


rem Patch: 11, 0


rem Patch: 12, 0


rem Patch: 13, 0


rem Patch: 14, 0


rem Patch: 15, 0


rem Patch: 0, 1


rem Patch: 1, 1


rem Patch: 2, 1


rem Patch: 3, 1


rem Patch: 4, 1


rem Patch: 5, 1


rem Patch: 6, 1


rem Patch: 7, 1


rem Patch: 8, 1


rem Patch: 9, 1


rem Patch: 10, 1


rem Patch: 11, 1


rem Patch: 12, 1


rem Patch: 13, 1


rem Patch: 14, 1


rem Patch: 15, 1


rem Patch: 0, 2


rem Patch: 1, 2


rem Patch: 2, 2


rem Patch: 3, 2


rem Patch: 4, 2


rem Patch: 5, 2


rem Patch: 6, 2


rem Patch: 7, 2

Object.create mangrove_big1
Object.absoluteTransformation [0.454032/0.0794269/-0.887078/0][-0.0137022/0.996521/0.0822129/0][0.890522/-0.0251725/0.453541/0][-12.4167/99.9129/-733.401/1]
Object.isOvergrowth 1


rem Patch: 8, 2

Object.create mangrove_big1
Object.absoluteTransformation [-0.87687/-0.152192/0.429772/0][-0.0695775/0.976527/0.20385/0][-0.450708/0.148847/-0.866876/0][21.4235/100.894/-745.832/1]
Object.isOvergrowth 1

Object.create mangrove_big1
Object.absoluteTransformation [-0.584821/-0.0419232/0.807768/0][0.0249312/0.997249/0.0698074/0][-0.808473/0.0609635/-0.582167/0][11.0219/99.1477/-722.931/1]
Object.isOvergrowth 1


rem Patch: 9, 2

Object.create mangrove_big1
Object.absoluteTransformation [0.128133/0/-0.991757/0][0/1/0/0][0.991757/0/0.128133/0][145.767/104.208/-716.854/1]
Object.isOvergrowth 1

Object.create mangrove_big1
Object.absoluteTransformation [-0.996968/0.00153296/0.0767566/0][0.0024998/0.999919/0.012499/0][-0.0767312/0.012653/-0.996891/0][133.062/104.291/-727.411/1]
Object.isOvergrowth 1

Object.create mangrove_big1
Object.absoluteTransformation [-0.225263/0/-0.974298/0][0/1/0/0][0.974298/0/-0.225263/0][149.72/104.208/-719.514/1]
Object.isOvergrowth 1

Object.create me_palmtree03
Object.absoluteTransformation [0.792286/-0.00327837/0.610137/0][0.00124999/0.999992/0.00374997/0][-0.610144/-0.00220839/0.792284/0][158.88/106.309/-729.173/1]
Object.isOvergrowth 1


rem Patch: 10, 2


rem Patch: 11, 2


rem Patch: 12, 2


rem Patch: 13, 2


rem Patch: 14, 2


rem Patch: 15, 2


rem Patch: 0, 3


rem Patch: 1, 3


rem Patch: 2, 3


rem Patch: 3, 3


rem Patch: 4, 3


rem Patch: 5, 3


rem Patch: 6, 3


rem Patch: 7, 3


rem Patch: 8, 3


rem Patch: 9, 3


rem Patch: 10, 3


rem Patch: 11, 3


rem Patch: 12, 3


rem Patch: 13, 3


rem Patch: 14, 3


rem Patch: 15, 3


rem Patch: 0, 4


rem Patch: 1, 4


rem Patch: 2, 4


rem Patch: 3, 4


rem Patch: 4, 4


rem Patch: 5, 4


rem Patch: 6, 4


rem Patch: 7, 4


rem Patch: 8, 4


rem Patch: 9, 4


rem Patch: 10, 4


rem Patch: 11, 4


rem Patch: 12, 4


rem Patch: 13, 4


rem Patch: 14, 4


rem Patch: 15, 4


rem Patch: 0, 5


rem Patch: 1, 5


rem Patch: 2, 5


rem Patch: 3, 5


rem Patch: 4, 5


rem Patch: 5, 5


rem Patch: 6, 5


rem Patch: 7, 5


rem Patch: 8, 5


rem Patch: 9, 5


rem Patch: 10, 5


rem Patch: 11, 5


rem Patch: 12, 5


rem Patch: 13, 5


rem Patch: 14, 5


rem Patch: 15, 5


rem Patch: 0, 6


rem Patch: 1, 6


rem Patch: 2, 6


rem Patch: 3, 6


rem Patch: 4, 6


rem Patch: 5, 6


rem Patch: 6, 6


rem Patch: 7, 6


rem Patch: 8, 6


rem Patch: 9, 6


rem Patch: 10, 6


rem Patch: 11, 6


rem Patch: 12, 6


rem Patch: 13, 6


rem Patch: 14, 6


rem Patch: 15, 6


rem Patch: 0, 7


rem Patch: 1, 7


rem Patch: 2, 7


rem Patch: 3, 7


rem Patch: 4, 7


rem Patch: 5, 7


rem Patch: 6, 7


rem Patch: 7, 7


rem Patch: 8, 7


rem Patch: 9, 7


rem Patch: 10, 7


rem Patch: 11, 7


rem Patch: 12, 7


rem Patch: 13, 7


rem Patch: 14, 7


rem Patch: 15, 7


rem Patch: 0, 8


rem Patch: 1, 8


rem Patch: 2, 8


rem Patch: 3, 8


rem Patch: 4, 8


rem Patch: 5, 8


rem Patch: 6, 8


rem Patch: 7, 8


rem Patch: 8, 8


rem Patch: 9, 8


rem Patch: 10, 8


rem Patch: 11, 8


rem Patch: 12, 8


rem Patch: 13, 8


rem Patch: 14, 8


rem Patch: 15, 8


rem Patch: 0, 9


rem Patch: 1, 9


rem Patch: 2, 9


rem Patch: 3, 9


rem Patch: 4, 9


rem Patch: 5, 9


rem Patch: 6, 9


rem Patch: 7, 9


rem Patch: 8, 9


rem Patch: 9, 9


rem Patch: 10, 9


rem Patch: 11, 9


rem Patch: 12, 9


rem Patch: 13, 9


rem Patch: 14, 9


rem Patch: 15, 9


rem Patch: 0, 10


rem Patch: 1, 10


rem Patch: 2, 10


rem Patch: 3, 10


rem Patch: 4, 10


rem Patch: 5, 10


rem Patch: 6, 10


rem Patch: 7, 10


rem Patch: 8, 10


rem Patch: 9, 10


rem Patch: 10, 10


rem Patch: 11, 10


rem Patch: 12, 10


rem Patch: 13, 10


rem Patch: 14, 10


rem Patch: 15, 10


rem Patch: 0, 11


rem Patch: 1, 11


rem Patch: 2, 11


rem Patch: 3, 11


rem Patch: 4, 11


rem Patch: 5, 11


rem Patch: 6, 11


rem Patch: 7, 11


rem Patch: 8, 11


rem Patch: 9, 11


rem Patch: 10, 11


rem Patch: 11, 11


rem Patch: 12, 11


rem Patch: 13, 11


rem Patch: 14, 11


rem Patch: 15, 11


rem Patch: 0, 12


rem Patch: 1, 12


rem Patch: 2, 12


rem Patch: 3, 12


rem Patch: 4, 12


rem Patch: 5, 12


rem Patch: 6, 12


rem Patch: 7, 12


rem Patch: 8, 12


rem Patch: 9, 12

Object.create mangrove_big1
Object.absoluteTransformation [-0.570456/0.00346717/-0.820548/0][0.03123/0.999359/-0.0174888/0][0.819961/-0.0356023/-0.570199/0][192.566/105.39/588.965/1]
Object.isOvergrowth 1

Object.create mangrove_big1
Object.absoluteTransformation [-0.630056/0.0314516/-0.775896/0][0.023738/0.999493/0.0212392/0][0.776171/-0.00503629/-0.630483/0][174.092/105.98/619.434/1]
Object.isOvergrowth 1

Object.create mangrove_big1
Object.absoluteTransformation [0.847189/-0.0384594/0.526906/0][0.0623548/0.997677/-0.0274361/0][-0.524627/0.0560987/0.847619/0][168.312/106.131/632.468/1]
Object.isOvergrowth 1

Object.create mangrove_big1
Object.absoluteTransformation [0.0985992/-0.00146804/-0.994747/0][0.0274896/0.999621/0.00124953/0][0.994368/-0.0274684/0.0986022/0][158.624/106.417/618.897/1]
Object.isOvergrowth 1


rem Patch: 10, 12


rem Patch: 11, 12


rem Patch: 12, 12


rem Patch: 13, 12


rem Patch: 14, 12


rem Patch: 15, 12


rem Patch: 0, 13


rem Patch: 1, 13


rem Patch: 2, 13


rem Patch: 3, 13


rem Patch: 4, 13


rem Patch: 5, 13


rem Patch: 6, 13


rem Patch: 7, 13


rem Patch: 8, 13


rem Patch: 9, 13


rem Patch: 10, 13


rem Patch: 11, 13


rem Patch: 12, 13


rem Patch: 13, 13


rem Patch: 14, 13


rem Patch: 15, 13


rem Patch: 0, 14


rem Patch: 1, 14


rem Patch: 2, 14


rem Patch: 3, 14


rem Patch: 4, 14


rem Patch: 5, 14


rem Patch: 6, 14


rem Patch: 7, 14


rem Patch: 8, 14


rem Patch: 9, 14


rem Patch: 10, 14


rem Patch: 11, 14


rem Patch: 12, 14


rem Patch: 13, 14


rem Patch: 14, 14


rem Patch: 15, 14


rem Patch: 0, 15


rem Patch: 1, 15


rem Patch: 2, 15


rem Patch: 3, 15


rem Patch: 4, 15


rem Patch: 5, 15


rem Patch: 6, 15


rem Patch: 7, 15


rem Patch: 8, 15


rem Patch: 9, 15


rem Patch: 10, 15


rem Patch: 11, 15


rem Patch: 12, 15


rem Patch: 13, 15


rem Patch: 14, 15


rem Patch: 15, 15



rem Patches: 16x16
rem Objects: 11
