rem Patch: 0, 0


rem Patch: 1, 0


rem Patch: 2, 0


rem Patch: 3, 0


rem Patch: 4, 0

Object.create me_shortpalm01
Object.absoluteTransformation [0.269893/-0.0075476/0.96279/0][0.0132487/0.999904/0.0041246/0][-0.962729/0.0116425/0.269967/0][-511.781/27.8089/-899.347/1]
Object.isOvergrowth 1

Object.create me_shortpalm01
Object.absoluteTransformation [0.816471/-0.00368969/-0.577187/0][0.0114987/0.999885/0.00987387/0][0.577085/-0.0146986/0.81642/0][-508.51/28.0509/-911.948/1]
Object.isOvergrowth 1

Object.create me_palmtree02
Object.absoluteTransformation [0.963375/-0.0107499/-0.267762/0][0.0129986/0.999894/0.00662429/0][0.267662/-0.00986221/0.963412/0][-500.631/30.1969/-917.507/1]
Object.isOvergrowth 1

Object.create me_palmtree02
Object.absoluteTransformation [0.263159/0.00164259/-0.964579/0][0.0171221/0.999833/0.00637394/0][0.964429/-0.018193/0.263087/0][-504.475/30.6635/-916.19/1]
Object.isOvergrowth 1

Object.create me_shortpalm01
Object.absoluteTransformation [-0.17707/-0.00496511/0.983989/0][0.0184962/0.999794/0.00837327/0][-0.983827/0.0196827/-0.176942/0][-504.249/26.97/-904.912/1]
Object.isOvergrowth 1

Object.create me_palmtree02
Object.absoluteTransformation [0.998312/-0.01389/-0.055991/0][0.0142483/0.99988/0.00599928/0][0.055901/-0.00678693/0.99839/0][-506.324/30.2969/-906.722/1]
Object.isOvergrowth 1

Object.create me_palmtree02
Object.absoluteTransformation [-0.964017/0.00893925/0.265608/0][0.0103744/0.999938/0.00399975/0][-0.265555/0.00661134/-0.96405/0][-510.098/30.6974/-905.182/1]
Object.isOvergrowth 1


rem Patch: 5, 0


rem Patch: 6, 0


rem Patch: 7, 0


rem Patch: 8, 0


rem Patch: 9, 0


rem Patch: 10, 0


rem Patch: 11, 0


rem Patch: 12, 0


rem Patch: 13, 0


rem Patch: 14, 0


rem Patch: 15, 0


rem Patch: 0, 1


rem Patch: 1, 1


rem Patch: 2, 1


rem Patch: 3, 1

Object.create me_shortpalm01
Object.absoluteTransformation [-0.9997/0.015436/-0.0187581/0][0.0153731/0.999876/0.00349956/0][0.0188098/0.00321014/-0.999813/0][-517.287/28.0143/-884.542/1]
Object.isOvergrowth 1


rem Patch: 4, 1


rem Patch: 5, 1


rem Patch: 6, 1

Object.create me_tropicalplant03
Object.absoluteTransformation [-0.93596/-0.0275763/0.330169/0][0.0136467/0.992488/0.12158/0][-0.331042/0.118299/-0.928552/0][-156.479/27.457/-878.769/1]
Object.isOvergrowth 1

Object.create me_tropicalplant03
Object.absoluteTransformation [-0.28369/0.124857/-0.95063/0][0.0210812/0.992057/0.124007/0][0.958563/0.0151391/-0.284069/0][-164.338/27.4835/-877.76/1]
Object.isOvergrowth 1

Object.create me_tropicalplant03
Object.absoluteTransformation [-0.973054/0.0234695/-0.124992/0][-0.00122631/0.981049/0.193757/0][0.12717/0.188689/-0.954584/0][-151.527/26.8678/-875.334/1]
Object.isOvergrowth 1

Object.create me_palmtree02
Object.absoluteTransformation [-0.803022/-0.0075481/-0.595818/0][-0.00012499/0.999922/-0.012499/0][0.595866/-0.00996252/-0.80296/0][-200.489/30.6989/-826.384/1]
Object.isOvergrowth 1

Object.create me_palmtree02
Object.absoluteTransformation [0.860875/-0.00391839/-0.508751/0][-0.000249992/0.999967/-0.00812473/0][0.508766/0.00712156/0.860846/0][-194.75/30.8824/-824.408/1]
Object.isOvergrowth 1

Object.create me_tropicalplant03
Object.absoluteTransformation [-0.477364/-0.114018/0.866048/0][0.0284308/0.988896/0.145862/0][-0.873063/0.0942518/-0.468822/0][-167.78/27.2472/-875.303/1]
Object.isOvergrowth 1

Object.create me_shortpalm01
Object.absoluteTransformation [-0.347978/0.0115571/0.937421/0][-0.00012499/0.999923/-0.0123741/0][-0.937492/-0.00442306/-0.34795/0][-197.472/27.7343/-827.323/1]
Object.isOvergrowth 1

Object.create me_tropicalplant03
Object.absoluteTransformation [0.978931/-0.0235734/-0.0682415/0][0.036799/0.981306/0.188901/0][0.0625127/-0.187433/0.961498/0][-170.483/26.7617/-871.778/1]
Object.isOvergrowth 1

Object.create me_shortpalm01
Object.absoluteTransformation [-0.27383/0.0128975/0.961681/0][-0.00074993/0.999907/-0.0136237/0][-0.961767/-0.00445178/-0.273795/0][-204.485/27.6571/-827.701/1]
Object.isOvergrowth 1

Object.create me_palmtree02
Object.absoluteTransformation [-0.0699149/-0.0231583/-0.997284/0][-0.00137463/0.999732/-0.0231188/0][0.997552/-0.000245451/-0.069928/0][-201.026/29.8115/-831.424/1]
Object.isOvergrowth 1

Object.create me_tropicalplant03
Object.absoluteTransformation [-0.481804/-0.48285/-0.73051/0][-0.238462/0.875089/-0.421136/0][0.842607/-0.0287065/-0.536762/0][-172.698/27.155/-837.794/1]
Object.isOvergrowth 1


rem Patch: 7, 1

Object.create me_palm_cluster01
Object.absoluteTransformation [0.489398/0/0.87206/0][0/1/0/0][-0.87206/0/0.489398/0][-28.7586/36.9971/-872.938/1]
Object.isOvergrowth 1

Object.create me_shortpalm01
Object.absoluteTransformation [0.721257/-0.0358362/0.691097/0][0.00524429/0.998913/0.0463246/0][-0.692005/-0.0297876/0.720661/0][-56.5245/27.2645/-860.096/1]
Object.isOvergrowth 1


rem Patch: 8, 1


rem Patch: 9, 1


rem Patch: 10, 1


rem Patch: 11, 1

Object.create me_tropicalplant03
Object.absoluteTransformation [0.592309/0.125991/-0.790543/0][-0.00246955/0.98782/0.155582/0][0.800516/-0.0902001/0.585406/0][459.402/27.1219/-858.918/1]
Object.isOvergrowth 1

Object.create me_shortpalm01
Object.absoluteTransformation [-0.0752771/-0.0126751/-0.997081/0][0.000499959/0.999919/-0.012749/0][0.997161/-0.0014582/-0.0752646/0][446.291/27.8061/-816.312/1]
Object.isOvergrowth 1

Object.create me_palmtree02
Object.absoluteTransformation [-0.355701/0.0173864/0.934429/0][0.00224964/0.99984/-0.0177472/0][-0.934588/-0.00421056/-0.355683/0][438.197/29.9897/-821.329/1]
Object.isOvergrowth 1

Object.create me_palmtree02
Object.absoluteTransformation [-0.995505/0.00410442/0.0928051/0][0.00237458/0.999821/-0.0187467/0][-0.0928655/-0.018442/-0.995337/0][428.046/29.8701/-823.127/1]
Object.isOvergrowth 1

Object.create me_tropicalplant03
Object.absoluteTransformation [0.103918/0.097157/-0.989821/0][-0.00622038/0.995261/0.097038/0][0.994559/-0.00392693/0.10403/0][458.748/27.6333/-862.921/1]
Object.isOvergrowth 1

Object.create me_palmtree02
Object.absoluteTransformation [0.476753/-0.0234086/-0.878588/0][-0.00249901/0.999605/-0.0279889/0][0.878897/0.0155394/0.476506/0][460.094/29.4445/-823.001/1]
Object.isOvergrowth 1

Object.create me_shortpalm01
Object.absoluteTransformation [-0.789132/-0.000197862/0.613739/0][-0.0151205/0.999703/-0.0191193/0][-0.613553/-0.0243677/-0.788901/0][462.891/28.1112/-817.351/1]
Object.isOvergrowth 1

Object.create me_palmtree02
Object.absoluteTransformation [0.882101/0.00757693/0.470858/0][-0.00124988/0.999905/-0.0137487/0][-0.470918/0.0115392/0.882026/0][455.42/30.486/-817.867/1]
Object.isOvergrowth 1

Object.create me_shortpalm01
Object.absoluteTransformation [-0.328824/0.0236444/0.944082/0][0.00299912/0.999708/-0.023993/0][-0.944373/-0.00505805/-0.328799/0][439.021/26.4906/-824.349/1]
Object.isOvergrowth 1

Object.create me_palmtree02
Object.absoluteTransformation [0.77233/0.018769/0.634614/0][-0.00149942/0.999614/-0.0277393/0][-0.63489/0.0204723/0.77206/0][457.642/29.537/-822.478/1]
Object.isOvergrowth 1


rem Patch: 12, 1

Object.create me_palmtree02
Object.absoluteTransformation [0.995154/0.00677006/0.0972382/0][-0.00799914/0.999893/0.0122487/0][-0.0971449/-0.0129671/0.995101/0][621.978/31.3107/-893.428/1]
Object.isOvergrowth 1

Object.create me_shortpalm01
Object.absoluteTransformation [0.986029/0.00119035/0.165532/0][-0.00424926/0.999827/0.0181219/0][-0.165482/-0.0185721/0.985863/0][633.289/28.4525/-889.16/1]
Object.isOvergrowth 1

Object.create me_shortpalm01
Object.absoluteTransformation [-0.365673/0.0152287/-0.930539/0][-0.00574891/0.99981/0.0186215/0][0.930646/0.012159/-0.365516/0][633.348/27.427/-883.595/1]
Object.isOvergrowth 1

Object.create me_tropicalplant03
Object.absoluteTransformation [0.789947/0.150767/-0.580742/0][-0.0465713/0.980448/0.191187/0][0.598212/-0.123982/0.781524/0][618.957/26.8437/-885.677/1]
Object.isOvergrowth 1

Object.create me_tropicalplant03
Object.absoluteTransformation [0.402789/0.105604/-0.908522/0][-0.0111803/0.993806/0.110561/0][0.914571/-0.0343752/0.401475/0][608.708/27.5625/-892.726/1]
Object.isOvergrowth 1


rem Patch: 13, 1


rem Patch: 14, 1


rem Patch: 15, 1


rem Patch: 0, 2


rem Patch: 1, 2


rem Patch: 2, 2


rem Patch: 3, 2

Object.create me_shortpalm01
Object.absoluteTransformation [-0.713611/0.00150512/0.699181/0][0.0315949/0.999048/0.0300963/0][-0.69847/0.0435676/-0.712979/0][-546.49/28.9944/-722.115/1]
Object.isOvergrowth 1

Object.create me_palmtree02
Object.absoluteTransformation [-0.471982/0.00175065/0.881057/0][-0.0266121/0.999514/-0.0162421/0][-0.880657/-0.0311127/-0.471706/0][-514.621/30.4138/-688.036/1]
Object.isOvergrowth 1

Object.create me_tropicalplant03
Object.absoluteTransformation [0.944885/-0.163427/-0.0225491/0][0.170128/0.945154/0.27882/0][-0.0242545/-0.267289/0.920865/0][-551.46/28.5522/-716.884/1]
Object.isOvergrowth 1

Object.create me_tropicalplant03
Object.absoluteTransformation [0.941437/-0.214908/0.177433/0][0.176035/0.958012/0.22633/0][-0.218623/-0.181841/0.939739/0][-553.673/28.0207/-713.458/1]
Object.isOvergrowth 1

Object.create me_tropicalplant03
Object.absoluteTransformation [0.789998/-0.0431485/-0.536617/0][0.200553/0.955015/0.21846/0][0.503051/-0.280203/0.763113/0][-555.997/28.3361/-712.723/1]
Object.isOvergrowth 1

Object.create me_tropicalplant03
Object.absoluteTransformation [0.551641/-0.186402/0.79391/0][0.250146/0.966747/0.0531711/0][-0.777421/0.169262/0.579925/0][-559.992/28.5328/-704.475/1]
Object.isOvergrowth 1

Object.create me_palmtree02
Object.absoluteTransformation [-0.819161/0.0113983/0.57319/0][0.0192459/0.999786/0.00762337/0][-0.57298/0.0172763/-0.819205/0][-557.203/29.667/-681.155/1]
Object.isOvergrowth 1


rem Patch: 4, 2

Object.create me_palmtree02
Object.absoluteTransformation [-0.0114562/-0.0185516/-0.999638/0][-0.0159953/0.999703/-0.0183695/0][0.999682/0.015779/-0.0117496/0][-499.13/29.9753/-703.382/1]
Object.isOvergrowth 1


rem Patch: 5, 2

Object.create me_tropicalplant03
Object.absoluteTransformation [0.236926/0/-0.971528/0][0/1/0/0][0.971528/0/0.236926/0][-325.449/28.0963/-756.322/1]
Object.isOvergrowth 1

Object.create me_tropicalplant03
Object.absoluteTransformation [0.065752/0/-0.997836/0][0/1/0/0][0.997836/0/0.065752/0][-269.491/28.0963/-759.491/1]
Object.isOvergrowth 1

Object.create me_tropicalplant03
Object.absoluteTransformation [0.180914/0/0.983499/0][0/1/0/0][-0.983499/0/0.180914/0][-319.343/28.0963/-745.853/1]
Object.isOvergrowth 1

Object.create me_tropicalplant03
Object.absoluteTransformation [-0.969378/0/-0.245575/0][0/1/0/0][0.245575/0/-0.969378/0][-270.387/28.0963/-767.32/1]
Object.isOvergrowth 1

Object.create me_tropicalplant03
Object.absoluteTransformation [-0.980812/0/0.194958/0][0/1/0/0][-0.194958/0/-0.980812/0][-307.128/28.0963/-740.459/1]
Object.isOvergrowth 1

Object.create me_tropicalplant03
Object.absoluteTransformation [-0.74841/0/-0.663236/0][0/1/0/0][0.663236/0/-0.74841/0][-271.332/28.0963/-759.332/1]
Object.isOvergrowth 1

Object.create me_tropicalplant03
Object.absoluteTransformation [-0.726192/0/0.687492/0][0/1/0/0][-0.687492/0/-0.726192/0][-313.169/28.0963/-737.481/1]
Object.isOvergrowth 1


rem Patch: 6, 2


rem Patch: 7, 2


rem Patch: 8, 2


rem Patch: 9, 2

Object.create me_tropicalplant03
Object.absoluteTransformation [0.840846/0.0486722/-0.53901/0][-0.0362056/0.998776/0.0337087/0][0.53999/-0.00882862/0.841578/0][201.23/28.4794/-654.548/1]
Object.isOvergrowth 1

Object.create me_tropicalplant03
Object.absoluteTransformation [0.383/-0.0076285/0.923484/0][-0.016246/0.999756/0.0149963/0][-0.923372/-0.0207465/0.382783/0][187.889/28.1675/-656.536/1]
Object.isOvergrowth 1


rem Patch: 10, 2


rem Patch: 11, 2


rem Patch: 12, 2


rem Patch: 13, 2


rem Patch: 14, 2


rem Patch: 15, 2


rem Patch: 0, 3


rem Patch: 1, 3


rem Patch: 2, 3

Object.create me_palmtree02
Object.absoluteTransformation [-0.831677/0.0352757/-0.553725/0][0.0412149/0.999149/0.00174851/0][0.553315/-0.0213675/-0.832423/0][-653.075/29.8483/-532.705/1]
Object.isOvergrowth 1

Object.create me_tropicalplant03
Object.absoluteTransformation [0.956386/-0.21241/0.184148/0][0.193573/0.973953/0.118092/0][-0.204435/-0.0772953/0.972591/0][-641.958/27.6324/-607.088/1]
Object.isOvergrowth 1

Object.create me_tropicalplant03
Object.absoluteTransformation [-0.957073/-0.04498/-0.286129/0][-0.0462005/0.998929/-0.00249732/0][0.285935/0.0108292/-0.958126/0][-663.602/28.1961/-580.455/1]
Object.isOvergrowth 1

Object.create me_shortpalm01
Object.absoluteTransformation [0.949885/0.00118433/0.312598/0][-0.000999999/0.999999/-0.000749999/0][-0.312599/0.000399815/0.949885/0][-657.566/28.2937/-595.735/1]
Object.isOvergrowth 1

Object.create me_palmtree02
Object.absoluteTransformation [0.299138/0.0172355/0.954051/0][-0.00299955/0.999849/-0.0171224/0][-0.954202/0.00226025/0.299145/0][-676.966/31.7929/-570.032/1]
Object.isOvergrowth 1

Object.create me_tropicalplant03
Object.absoluteTransformation [0.896713/0.0301962/0.441565/0][-0.0287367/0.999537/-0.00999537/0][-0.441662/-0.00372612/0.897166/0][-661.348/28.2469/-587.315/1]
Object.isOvergrowth 1

Object.create me_shortpalm01
Object.absoluteTransformation [-0.419258/0/0.907867/0][0/1/0/0][-0.907867/0/-0.419258/0][-674.562/28.2299/-578.395/1]
Object.isOvergrowth 1

Object.create me_tropicalplant03
Object.absoluteTransformation [-0.857405/-0.160028/-0.486301/0][-0.165107/0.985714/-0.0332679/0][0.484678/0.0517678/-0.871579/0][-681.853/28.1886/-554.515/1]
Object.isOvergrowth 1

Object.create me_palmtree02
Object.absoluteTransformation [0.0962985/-0.000715444/-0.994657/0][0.0370993/0.999307/0.00287301/0][0.993966/-0.0371777/0.0962584/0][-657.313/31.3934/-529.085/1]
Object.isOvergrowth 1

Object.create me_tropicalplant03
Object.absoluteTransformation [0.745032/-0.0832683/0.661489/0][0.0759689/0.996313/0.0398525/0][-0.662368/0.0205611/0.748612/0][-649.428/28.4468/-602.102/1]
Object.isOvergrowth 1

Object.create me_palmtree02
Object.absoluteTransformation [0.355/0.00209603/0.934863/0][-0.001625/0.999997/-0.001625/0][-0.934864/-0.000942275/0.355003/0][-661.721/31.1312/-593.278/1]
Object.isOvergrowth 1

Object.create me_tropicalplant03
Object.absoluteTransformation [0.43921/0.0414888/0.896298/0][-0.0586399/0.998126/-0.0174672/0][-0.895344/-0.0448871/0.44082/0][-653.225/28.3883/-602.631/1]
Object.isOvergrowth 1

Object.create me_palmtree02
Object.absoluteTransformation [0.664484/-0.00178799/-0.747207/0][0.00999929/0.999929/0.00649954/0][0.747143/-0.0117904/0.664455/0][-676.385/31.2005/-580.994/1]
Object.isOvergrowth 1

Object.create me_palmtree02
Object.absoluteTransformation [0.697558/-0.025924/-0.715642/0][0.0356024/0.999365/-0.00149905/0][0.715226/-0.0244329/0.698038/0][-655.376/30.7316/-532.746/1]
Object.isOvergrowth 1


rem Patch: 3, 3

Object.create me_tropicalplant03
Object.absoluteTransformation [-0.769147/0.0555012/0.585408/0][0.195734/0.966586/0.165528/0][-0.55666/0.241899/-0.75431/0][-639.034/28.4362/-618.105/1]
Object.isOvergrowth 1

Object.create me_shortpalm01
Object.absoluteTransformation [0.52397/0.013216/0.851053/0][-0.0337303/0.999417/0.00524694/0][-0.850487/-0.0314555/0.52411/0][-616.681/26.4062/-536.974/1]
Object.isOvergrowth 1

Object.create me_palmtree02
Object.absoluteTransformation [-0.626618/0.00828779/-0.779274/0][0.0024999/0.99996/0.00862465/0][0.779315/0.00345626/-0.626614/0][-605.273/31.0338/-535.009/1]
Object.isOvergrowth 1


rem Patch: 4, 3


rem Patch: 5, 3


rem Patch: 6, 3

Object.create me_tropicalplant03
Object.absoluteTransformation [-0.538081/0.0519074/-0.825597/0][-0.107169/0.985465/0.131806/0][0.820439/0.159401/-0.524697/0][-249.167/26.7909/-560.292/1]
Object.isOvergrowth 1

Object.create me_tropicalplant03
Object.absoluteTransformation [0.886668/-0.030263/-0.395505/0][-0.0691751/0.970878/-0.22937/0][0.390929/0.230734/0.858753/0][-246.444/27.2535/-555.931/1]
Object.isOvergrowth 1

Object.create me_tropicalplant03
Object.absoluteTransformation [0.749432/-0.0208125/0.660832/0][-0.0074938/0.999173/0.0399669/0][-0.661117/-0.0349046/0.748656/0][-234.551/28.6704/-551.393/1]
Object.isOvergrowth 1


rem Patch: 7, 3


rem Patch: 8, 3

Object.create me_palmtree03
Object.absoluteTransformation [-0.476995/-0.0120122/-0.878356/0][-0.0309226/0.999517/0.00312349/0][0.877894/0.0286509/-0.477136/0][62.3187/36.0283/-626.246/1]
Object.isOvergrowth 1

Object.create me_palmtree02
Object.absoluteTransformation [-0.623465/-0.00737005/0.781785/0][0.000874955/0.999948/0.0101245/0][-0.78182/0.00699628/-0.623426/0][44.9154/31.4021/-632.717/1]
Object.isOvergrowth 1

Object.create me_palmtree02
Object.absoluteTransformation [-0.781741/-0.0126324/0.623391/0][-0.00349954/0.999868/0.0158729/0][-0.62351/0.0102269/-0.781682/0][58.2546/31.9442/-628.963/1]
Object.isOvergrowth 1

Object.create me_shortpalm01
Object.absoluteTransformation [0.620063/0.0154984/-0.78437/0][-0.0148729/0.999857/0.00799886/0][0.784382/0.00670604/0.620206/0][57.9992/28.6133/-624.95/1]
Object.isOvergrowth 1

Object.create me_shortpalm01
Object.absoluteTransformation [-0.955717/-0.00958833/0.29341/0][-0.00312419/0.999742/0.0224942/0][-0.29355/0.0205814/-0.9555/0][56.3016/29.4479/-631.394/1]
Object.isOvergrowth 1

Object.create me_shortpalm01
Object.absoluteTransformation [-0.798385/-0.0067929/0.602104/0][-0.00699981/0.999973/0.00199995/0][-0.602101/-0.00261789/-0.798411/0][55.172/27.9233/-619.442/1]
Object.isOvergrowth 1

Object.create me_palmtree02
Object.absoluteTransformation [0.387476/-0.00641467/0.921858/0][0.00287494/0.999979/0.00574988/0][-0.921875/0.000422347/0.387486/0][42.1271/31.3771/-631.753/1]
Object.isOvergrowth 1

Object.create me_shortpalm01
Object.absoluteTransformation [0.166869/-0.0213355/0.985739/0][-0.000624852/0.999763/0.0217449/0][-0.98597/-0.00424447/0.166816/0][57.5105/30.2017/-634.643/1]
Object.isOvergrowth 1

Object.create me_shortpalm01
Object.absoluteTransformation [0.855736/0.00300683/-0.517341/0][0.00162494/0.999963/0.00849968/0][0.517347/-0.00811413/0.855699/0][41.1655/28.8373/-635.515/1]
Object.isOvergrowth 1

Object.create me_palmtree01
Object.absoluteTransformation [-0.973919/0.0296446/-0.223457/0][0.0231071/0.999225/0.0318503/0][0.224228/0.0258562/-0.97385/0][62.4655/34.3004/-637.074/1]
Object.isOvergrowth 1

Object.create me_palmtree02
Object.absoluteTransformation [-0.874497/-0.0256843/0.484301/0][-0.0191182/0.999646/0.0184935/0][-0.484605/0.00691348/-0.874678/0][50.3757/32.1079/-633.816/1]
Object.isOvergrowth 1


rem Patch: 9, 3

Object.create me_tropicalplant03
Object.absoluteTransformation [-0.981621/0/-0.190839/0][0/1/0/0][0.190839/0/-0.981621/0][185.233/28.0963/-638.065/1]
Object.isOvergrowth 1

Object.create me_tropicalplant03
Object.absoluteTransformation [0.710922/0/-0.703271/0][0/1/0/0][0.703271/0/0.710922/0][173.321/28.0963/-640.399/1]
Object.isOvergrowth 1

Object.create me_tropicalplant03
Object.absoluteTransformation [-0.958756/0/0.284231/0][0/1/0/0][-0.284231/0/-0.958756/0][196.46/28.0963/-634.323/1]
Object.isOvergrowth 1

Object.create me_tropicalplant03
Object.absoluteTransformation [-0.281625/0/0.959525/0][0/1/0/0][-0.959525/0/-0.281625/0][183.443/28.0963/-611.466/1]
Object.isOvergrowth 1

Object.create me_tropicalplant03
Object.absoluteTransformation [-0.666493/-0.0319003/0.744677/0][-0.0324798/0.999378/0.0137414/0][-0.744652/-0.0150284/-0.667114/0][210.251/28.1359/-636.834/1]
Object.isOvergrowth 1

Object.create me_tropicalplant03
Object.absoluteTransformation [-0.989176/-0.00187737/-0.143499/0][-0.00624707/0.999531/0.0299859/0][0.143376/0.0305578/-0.988724/0][207.386/28.1389/-639.133/1]
Object.isOvergrowth 1

Object.create me_tropicalplant03
Object.absoluteTransformation [-0.997343/0/-0.0728542/0][0/1/0/0][0.0728542/0/-0.997343/0][136.632/28.0963/-618.84/1]
Object.isOvergrowth 1

Object.create me_tropicalplant03
Object.absoluteTransformation [0.937457/0/0.348102/0][0/1/0/0][-0.348102/0/0.937457/0][136.721/28.0963/-606.77/1]
Object.isOvergrowth 1

Object.create me_tropicalplant03
Object.absoluteTransformation [-0.78599/0/-0.618239/0][0/1/0/0][0.618239/0/-0.78599/0][183.025/28.0963/-638.786/1]
Object.isOvergrowth 1

Object.create me_tropicalplant03
Object.absoluteTransformation [-0.985168/0/-0.171595/0][0/1/0/0][0.171595/0/-0.985168/0][200.164/28.0963/-633.179/1]
Object.isOvergrowth 1

Object.create me_tropicalplant03
Object.absoluteTransformation [0.610944/0.0206702/0.791306/0][-0.0224934/0.999709/-0.00874745/0][-0.791256/-0.012455/0.611231/0][208.425/28.1202/-632.643/1]
Object.isOvergrowth 1

Object.create me_tropicalplant03
Object.absoluteTransformation [-0.381572/0/-0.924339/0][0/1/0/0][0.924339/0/-0.381572/0][133.85/28.0963/-601.06/1]
Object.isOvergrowth 1


rem Patch: 10, 3


rem Patch: 11, 3


rem Patch: 12, 3


rem Patch: 13, 3


rem Patch: 14, 3

Object.create me_tropicalplant03
Object.absoluteTransformation [0.547121/-0.0273073/0.780063/0][0.263213/0.952806/-0.151258/0][-0.739119/0.288079/0.528488/0][802.35/27.2127/-545.572/1]
Object.isOvergrowth 1

Object.create me_palm_cluster01
Object.absoluteTransformation [-0.940119/0/-0.340846/0][0/1/0/0][0.340846/0/-0.940119/0][791.271/37.2562/-541.816/1]
Object.isOvergrowth 1

Object.create me_palmtree02
Object.absoluteTransformation [-0.886949/0.0116264/-0.461604/0][0.0151232/0.999878/-0.00387453/0][0.461502/-0.0104174/-0.887017/0][797.1/30.1308/-557.879/1]
Object.isOvergrowth 1

Object.create me_tropicalplant03
Object.absoluteTransformation [0.114575/-0.05372/-0.983464/0][0.134903/0.990116/-0.038367/0][0.975804/-0.128277/0.120689/0][785.633/27.4316/-587.928/1]
Object.isOvergrowth 1

Object.create me_shortpalm01
Object.absoluteTransformation [0.0497285/-0.0094077/-0.998555/0][0.0184962/0.999793/-0.00849824/0][0.998428/-0.0180468/0.0498922/0][802.467/26.8472/-549.721/1]
Object.isOvergrowth 1

Object.create me_palmtree02
Object.absoluteTransformation [0.875808/-0.0135831/0.482297/0][0.0181218/0.999825/-0.00474917/0][-0.482147/0.0128994/0.8759/0][796.554/29.9758/-562.92/1]
Object.isOvergrowth 1


rem Patch: 15, 3


rem Patch: 0, 4


rem Patch: 1, 4


rem Patch: 2, 4

Object.create me_tropicalplant03
Object.absoluteTransformation [0.996238/0/-0.0866644/0][0/1/0/0][0.0866644/0/0.996238/0][-720.178/28.0963/-460.621/1]
Object.isOvergrowth 1

Object.create me_tropicalplant03
Object.absoluteTransformation [0.706823/0.0126977/-0.629752/0][-0.223651/0.946671/-0.231934/0][0.593223/0.304781/0.671969/0][-680.997/26.3294/-393.026/1]
Object.isOvergrowth 1

Object.create me_shortpalm01
Object.absoluteTransformation [0.584886/0.0669113/0.80782/0][-0.0629564/0.997329/-0.0370259/0][-0.80814/-0.0292015/0.587537/0][-665.906/28.7707/-418.594/1]
Object.isOvergrowth 1

Object.create me_tropicalplant03
Object.absoluteTransformation [0.160142/0/-0.987094/0][0/1/0/0][0.987094/0/0.160142/0][-710.019/28.0963/-467.454/1]
Object.isOvergrowth 1

Object.create me_tropicalplant03
Object.absoluteTransformation [-0.479155/-0.00824321/0.87073/0][-0.100628/0.993862/-0.0459661/0][-0.865007/-0.109645/-0.477044/0][-704.07/28.283/-479.538/1]
Object.isOvergrowth 1

Object.create me_shortpalm01
Object.absoluteTransformation [0.526897/0.0611745/0.847668/0][-0.0239539/0.998079/-0.05714/0][-0.849534/0.00980199/0.527351/0][-662.539/27.4186/-423.938/1]
Object.isOvergrowth 1

Object.create me_tropicalplant03
Object.absoluteTransformation [-0.202619/-0.12204/0.910989/0][0.303306/0.93325/0.192483/0][-0.873671/0.315309/-0.152079/0][-662.64/27.5094/-395.467/1]
Object.isOvergrowth 1


rem Patch: 3, 4


rem Patch: 4, 4


rem Patch: 5, 4

Object.create me_tropicalplant03
Object.absoluteTransformation [0.652013/0/-0.758208/0][0/1/0/0][0.758208/0/0.652013/0][-274.228/28.0963/-460.13/1]
Object.isOvergrowth 1

Object.create me_tropicalplant03
Object.absoluteTransformation [0.762255/0/0.647277/0][0/1/0/0][-0.647277/0/0.762255/0][-272.702/28.0963/-449.112/1]
Object.isOvergrowth 1

Object.create me_tropicalplant03
Object.absoluteTransformation [-0.954308/0/-0.298823/0][0/1/0/0][0.298823/0/-0.954308/0][-258.687/28.0963/-484.496/1]
Object.isOvergrowth 1

Object.create me_tropicalplant03
Object.absoluteTransformation [0.690207/0/-0.723612/0][0/1/0/0][0.723612/0/0.690207/0][-258.736/28.0963/-473.608/1]
Object.isOvergrowth 1

Object.create me_tropicalplant03
Object.absoluteTransformation [-0.740624/0/0.67192/0][0/1/0/0][-0.67192/0/-0.740624/0][-268.772/28.0963/-477.82/1]
Object.isOvergrowth 1

Object.create me_tropicalplant03
Object.absoluteTransformation [-0.338503/0/0.940965/0][0/1/0/0][-0.940965/0/-0.338503/0][-268.183/28.0963/-472.712/1]
Object.isOvergrowth 1

Object.create me_tropicalplant03
Object.absoluteTransformation [-0.666699/0/-0.745327/0][0/1/0/0][0.745327/0/-0.666699/0][-256.827/28.0963/-474.145/1]
Object.isOvergrowth 1


rem Patch: 6, 4

Object.create me_tropicalplant03
Object.absoluteTransformation [-0.46884/0/-0.883283/0][0/1/0/0][0.883283/0/-0.46884/0][-174.031/28.0963/-500.663/1]
Object.isOvergrowth 1

Object.create me_tropicalplant03
Object.absoluteTransformation [0.194302/0/0.980942/0][0/1/0/0][-0.980942/0/0.194302/0][-251.562/28.0963/-473.869/1]
Object.isOvergrowth 1

Object.create me_tropicalplant03
Object.absoluteTransformation [-0.997803/0/-0.0662475/0][0/1/0/0][0.0662475/0/-0.997803/0][-173.793/28.0963/-490.917/1]
Object.isOvergrowth 1

Object.create me_tropicalplant03
Object.absoluteTransformation [-0.602835/0/0.797866/0][0/1/0/0][-0.797866/0/-0.602835/0][-226.433/28.0963/-473.975/1]
Object.isOvergrowth 1

Object.create me_tropicalplant03
Object.absoluteTransformation [0.833937/0.0176999/-0.542342/0][-0.0696345/0.994779/-0.0746084/0][0.538189/0.0999844/0.830815/0][-234.682/28.68/-453.014/1]
Object.isOvergrowth 1

Object.create me_tropicalplant03
Object.absoluteTransformation [0.641921/0/-0.766771/0][0/1/0/0][0.766771/0/0.641921/0][-247.795/28.0963/-476.221/1]
Object.isOvergrowth 1

Object.create me_tropicalplant03
Object.absoluteTransformation [-0.833425/0/-0.552632/0][0/1/0/0][0.552632/0/-0.833425/0][-245.592/28.0963/-461.006/1]
Object.isOvergrowth 1

Object.create me_tropicalplant03
Object.absoluteTransformation [-0.416129/0/0.909306/0][0/1/0/0][-0.909306/0/-0.416129/0][-169.144/28.0963/-502.098/1]
Object.isOvergrowth 1

Object.create me_tropicalplant03
Object.absoluteTransformation [0.992949/0.0126375/0.117346/0][-0.0112484/0.999859/-0.0124982/0][-0.117487/0.0110902/0.99295/0][-238.94/28.1235/-462.378/1]
Object.isOvergrowth 1

Object.create me_tropicalplant03
Object.absoluteTransformation [0.733468/0.0345444/0.678527/0][-0.0112409/0.999187/-0.0387185/0][-0.679313/0.0207715/0.73326/0][-220.587/28.1881/-469.718/1]
Object.isOvergrowth 1

Object.create me_tropicalplant03
Object.absoluteTransformation [-0.356058/0/-0.934464/0][0/1/0/0][0.934464/0/-0.356058/0][-248.814/28.0963/-471.973/1]
Object.isOvergrowth 1

Object.create me_tropicalplant03
Object.absoluteTransformation [0.510332/0/0.859978/0][0/1/0/0][-0.859978/0/0.510332/0][-173.875/28.0963/-497.643/1]
Object.isOvergrowth 1

Object.create me_tropicalplant03
Object.absoluteTransformation [-0.401143/-0.0346222/-0.91536/0][-0.014991/0.9994/-0.0312312/0][0.915892/0.00119397/-0.401421/0][-224.255/28.1799/-468.723/1]
Object.isOvergrowth 1

Object.create me_tropicalplant03
Object.absoluteTransformation [0.940625/0/0.339447/0][0/1/0/0][-0.339447/0/0.940625/0][-247.551/28.0963/-467.058/1]
Object.isOvergrowth 1


rem Patch: 7, 4


rem Patch: 8, 4


rem Patch: 9, 4


rem Patch: 10, 4


rem Patch: 11, 4


rem Patch: 12, 4


rem Patch: 13, 4


rem Patch: 14, 4

Object.create me_tropicalplant03
Object.absoluteTransformation [-0.371839/0.0102341/0.921888/0][0.104376/0.994053/0.0310641/0][-0.916087/0.107773/-0.370695/0][785.499/27.6246/-457.785/1]
Object.isOvergrowth 1

Object.create me_palmtree02
Object.absoluteTransformation [0.997564/0.0138054/-0.0683392/0][-0.0136237/0.999902/0.00312469/0][0.0683757/-0.00218605/0.997655/0][832.402/30.9115/-446.935/1]
Object.isOvergrowth 1

Object.create me_palmtree02
Object.absoluteTransformation [-0.00884841/-0.00545621/0.999671/0][-0.0234932/0.99971/0.00524848/0][-0.99941/-0.023439/-0.00897403/0][837.077/29.4898/-396.032/1]
Object.isOvergrowth 1

Object.create me_shortpalm01
Object.absoluteTransformation [0.970828/0.0374551/0.235906/0][-0.0413369/0.999079/0.0114894/0][-0.235258/-0.0209059/0.971483/0][838.168/26.4389/-390.929/1]
Object.isOvergrowth 1

Object.create me_palm_cluster01
Object.absoluteTransformation [-0.099329/0/0.995055/0][0/1/0/0][-0.995055/0/-0.099329/0][835.751/36.9291/-457.807/1]
Object.isOvergrowth 1

Object.create me_tropicalplant03
Object.absoluteTransformation [0.79619/-0.421033/-0.411546/0][0.438049/0.896264/-0.0694604/0][0.398099/-0.124974/0.898029/0][787.004/28.2487/-437.059/1]
Object.isOvergrowth 1

Object.create me_palmtree02
Object.absoluteTransformation [0.911709/0.0104898/0.410655/0][-0.0121241/0.999926/0.0013749/0][-0.41061/-0.00623233/0.911769/0][831.07/30.9859/-452.271/1]
Object.isOvergrowth 1

Object.create me_tropicalplant03
Object.absoluteTransformation [0.0279773/-0.0481715/0.990432/0][0.127569/0.990827/0.0445872/0][-0.983495/0.125101/0.0338658/0][785.971/27.4254/-454.396/1]
Object.isOvergrowth 1

Object.create me_tropicalplant03
Object.absoluteTransformation [-0.979151/0.169744/0.0073107/0][0.168908/0.979178/-0.112605/0][-0.0262726/-0.109023/-0.987435/0][783.611/29.2685/-439.737/1]
Object.isOvergrowth 1

Object.create me_palmtree02
Object.absoluteTransformation [-0.985757/-0.0254414/0.166123/0][-0.026116/0.999657/-0.00187436/0][-0.166018/-0.00618614/-0.986084/0][827.252/30.2532/-453.806/1]
Object.isOvergrowth 1

Object.create me_shortpalm01
Object.absoluteTransformation [-0.179842/0.00317816/-0.983512/0][-0.0178718/0.999819/0.00649883/0][0.983355/0.0187459/-0.179752/0][829.6/27.7561/-448.311/1]
Object.isOvergrowth 1


rem Patch: 15, 4


rem Patch: 0, 5


rem Patch: 1, 5


rem Patch: 2, 5

Object.create me_palmtree02
Object.absoluteTransformation [-0.716861/-0.00558477/0.697174/0][-0.000374989/0.999971/0.00762478/0][-0.697196/0.00520448/-0.716843/0][-694.105/29.9097/-362.1/1]
Object.isOvergrowth 1

Object.create me_shortpalm01
Object.absoluteTransformation [0.978613/0.00833144/-0.205258/0][-0.010374/0.999907/-0.00887417/0][0.205165/0.0108137/0.978608/0][-683.751/27.6247/-383.702/1]
Object.isOvergrowth 1

Object.create me_tropicalplant03
Object.absoluteTransformation [-0.190601/0.0675027/0.96887/0][-0.127133/0.98744/-0.0938068/0][-0.963033/-0.141055/-0.179625/0][-641.463/27.2136/-335.045/1]
Object.isOvergrowth 1

Object.create me_shortpalm01
Object.absoluteTransformation [-0.951809/0.00181543/-0.30658/0][-0.000749974/0.999966/0.00824972/0][0.306585/0.00808208/-0.951775/0][-696.421/26.9939/-361.45/1]
Object.isOvergrowth 1

Object.create me_shortpalm01
Object.absoluteTransformation [0.332663/-0.00158256/-0.942947/0][-0.0122489/0.999907/-0.00599944/0][0.942869/0.0135458/0.332613/0][-694.015/27.2458/-370.287/1]
Object.isOvergrowth 1

Object.create me_palmtree02
Object.absoluteTransformation [-0.996871/-0.0135485/0.0772844/0][-0.014248/0.999862/-0.00849883/0][-0.0771586/-0.00957339/-0.996927/0][-687.168/30.4503/-378.92/1]
Object.isOvergrowth 1

Object.create me_tropicalplant03
Object.absoluteTransformation [0.0427549/-0.121012/-0.976968/0][-0.165021/0.977903/-0.12835/0][0.970912/0.166708/0.0218406/0][-645.576/26.3465/-337.344/1]
Object.isOvergrowth 1


rem Patch: 3, 5


rem Patch: 4, 5

Object.create me_palm_cluster01
Object.absoluteTransformation [-0.423003/0/-0.906128/0][0/1/0/0][0.906128/0/-0.423003/0][-399.727/36.3872/-265.034/1]
Object.isOvergrowth 1

Object.create me_palmtree03
Object.absoluteTransformation [0.907227/0/0.420642/0][0/1/0/0][-0.420642/0/0.907227/0][-411.252/35.0033/-261.885/1]
Object.isOvergrowth 1

Object.create me_palmtree02
Object.absoluteTransformation [0.329859/0/0.94403/0][0/1/0/0][-0.94403/0/0.329859/0][-405.385/31.0825/-261.3/1]
Object.isOvergrowth 1

Object.create me_shortpalm01
Object.absoluteTransformation [0.922368/-0.00035079/0.386302/0][0.00137499/0.999996/-0.00237499/0][-0.386299/0.00272178/0.922365/0][-393.935/28.1456/-268.563/1]
Object.isOvergrowth 1


rem Patch: 5, 5


rem Patch: 6, 5


rem Patch: 7, 5


rem Patch: 8, 5

Object.create me_shortpalm01
Object.absoluteTransformation [-0.996773/0.0222743/0.0766318/0][0.0228685/0.999715/0.00687304/0][-0.0764569/0.00860332/-0.996999/0][118.625/28.8654/-287.832/1]
Object.isOvergrowth 1

Object.create me_palmtree01
Object.absoluteTransformation [-0.449148/0.00505291/0.893386/0][0.0112493/0.999937/0/0][-0.89333/0.01005/-0.449176/0][122.493/32.2094/-294.242/1]
Object.isOvergrowth 1

Object.create me_palmtree02
Object.absoluteTransformation [0.949524/0.0251978/-0.312219/0][-0.0292365/0.999538/-0.00824619/0][0.311868/0.0169582/0.949823/0][111.668/32.1546/-299.556/1]
Object.isOvergrowth 1

Object.create me_shortpalm01
Object.absoluteTransformation [-0.840706/0.0140324/-0.540981/0][0.0219939/0.999724/-0.00824772/0][0.540716/-0.0188322/-0.840783/0][119.923/28.5334/-281.224/1]
Object.isOvergrowth 1

Object.create me_palmtree01
Object.absoluteTransformation [0.999614/0/0.0277976/0][0/1/0/0][-0.0277976/0/0.999614/0][126.952/32.1416/-287.192/1]
Object.isOvergrowth 1


rem Patch: 9, 5

Object.create me_tropicalplant03
Object.absoluteTransformation [-0.148886/0.0330699/-0.986673/0][-0.0511395/0.997843/0.041161/0][0.985906/0.0565862/-0.146873/0][193.165/26.5816/-272.439/1]
Object.isOvergrowth 1

Object.create me_palmtree03
Object.absoluteTransformation [-0.497729/0.0320375/0.866524/0][0.0327895/0.999298/-0.0181123/0][-0.866496/0.0193978/-0.49843/0][140.049/34.775/-287.44/1]
Object.isOvergrowth 1

Object.create me_shortpalm01
Object.absoluteTransformation [0.907094/-0.0136048/-0.4207/0][0.0133737/0.999904/-0.00349967/0][0.420707/-0.0024518/0.90719/0][130.842/27.7642/-305.874/1]
Object.isOvergrowth 1

Object.create me_palmtree01
Object.absoluteTransformation [-0.854769/-0.0708926/0.512354/0][-0.0828393/0.996563/-0.000311426/0][-0.510571/-0.0427093/-0.857704/0][179.176/36.134/-318.826/1]
Object.isOvergrowth 1

Object.create me_shortpalm01
Object.absoluteTransformation [0.999601/0.0278645/0.000141507/0][-0.0278639/0.999601/-0.00462315/0][-0.000270273/0.00461737/0.999979/0][173.551/30.3948/-327.459/1]
Object.isOvergrowth 1

Object.create me_palmtree02
Object.absoluteTransformation [-0.998143/-0.0127084/0.0555811/0][-0.0114964/0.999689/0.0221181/0][-0.0558449/0.0214381/-0.997979/0][226.36/34.7161/-267.23/1]
Object.isOvergrowth 1

Object.create me_palmtree02
Object.absoluteTransformation [0.94957/-0.00234816/0.311376/0][-0.0092437/0.999319/0.0357256/0][-0.311247/-0.0368023/0.948902/0][200.537/35.513/-297.66/1]
Object.isOvergrowth 1

Object.create me_shortpalm01
Object.absoluteTransformation [-0.613754/-0.000824012/-0.789449/0][0.00637476/0.999962/-0.00599977/0][0.789424/-0.00871493/-0.613725/0][133.749/27.9074/-297.35/1]
Object.isOvergrowth 1

Object.create me_palmtree02
Object.absoluteTransformation [-0.98406/0.00132253/-0.177707/0][0.000124997/0.999977/0.00674985/0][0.177712/0.00662004/-0.984038/0][229.193/36.2937/-278.781/1]
Object.isOvergrowth 1

Object.create me_shortpalm01
Object.absoluteTransformation [0.04149/0.00330465/-0.999132/0][0.00162499/0.999993/0.00337498/0][0.999136/-0.00176361/0.0414843/0][232.271/33.5163/-281.208/1]
Object.isOvergrowth 1

Object.create me_palmtree03
Object.absoluteTransformation [-0.569416/-0.0158487/0.821897/0][-0.00843644/0.999874/0.0134358/0][-0.822006/0.000716677/-0.569478/0][236.175/39.9596/-273.496/1]
Object.isOvergrowth 1

Object.create me_palmtree03
Object.absoluteTransformation [-0.453026/0.00913343/0.890839/0][-0.0252976/0.999413/-0.0231114/0][-0.890527/-0.0330062/-0.452529/0][133.019/35.2967/-277.727/1]
Object.isOvergrowth 1

Object.create me_palmtree02
Object.absoluteTransformation [-0.18177/0.00409826/0.983284/0][0.0103744/0.999944/-0.00224987/0][-0.983238/0.00979203/-0.181803/0][144.493/31.5124/-263.616/1]
Object.isOvergrowth 1

Object.create me_palmtree02
Object.absoluteTransformation [-0.604944/-0.0285856/0.795743/0][-0.0138692/0.999582/0.0253644/0][-0.796135/0.00430774/-0.605088/0][197.019/36.4645/-303.165/1]
Object.isOvergrowth 1

Object.create me_palmtree03
Object.absoluteTransformation [0.986046/0.116411/-0.118678/0][-0.114524/0.993162/0.0226565/0][0.120504/-0.00874885/0.992635/0][217.365/37.5732/-275.264/1]
Object.isOvergrowth 1

Object.create me_shortpalm01
Object.absoluteTransformation [-0.504603/0.00715569/-0.863216/0][0.0152482/0.999884/-0.000624927/0][0.863111/-0.0134779/-0.504654/0][150.468/27.7762/-267.972/1]
Object.isOvergrowth 1

Object.create me_palmtree02
Object.absoluteTransformation [0.504004/-0.0167534/-0.863464/0][0.0182463/0.999795/-0.00874821/0][0.863434/-0.0113459/0.504206/0][146.564/30.8246/-276.599/1]
Object.isOvergrowth 1

Object.create me_tropicalplant03
Object.absoluteTransformation [0.482568/0.183735/0.855783/0][-0.0626321/0.982464/-0.175616/0][-0.873043/0.0311469/0.485613/0][196.143/26.1854/-277.357/1]
Object.isOvergrowth 1

Object.create me_palmtree02
Object.absoluteTransformation [-0.558894/0.0103062/-0.828984/0][-0.0089981/0.999788/0.0184961/0][0.828999/0.0177966/-0.558683/0][229.738/35.2176/-267.926/1]
Object.isOvergrowth 1

Object.create me_palmtree02
Object.absoluteTransformation [0.67388/-0.0132908/-0.738505/0][-0.00424895/0.999752/-0.0218696/0][0.738612/0.0178753/0.673656/0][197.522/37.615/-315.244/1]
Object.isOvergrowth 1

Object.create me_palmtree02
Object.absoluteTransformation [0.335664/-0.00593278/0.94159/0][-0.0229915/0.999631/0.0144946/0][-0.941328/-0.0265139/0.335404/0][163.692/31.4991/-337.776/1]
Object.isOvergrowth 1

Object.create me_palmtree02
Object.absoluteTransformation [0.22975/-0.000241383/0.973114/0][0.0158729/0.999868/-0.00349954/0][-0.972985/0.0162502/0.229724/0][131.751/30.3838/-307.806/1]
Object.isOvergrowth 1

Object.create me_palm_cluster01
Object.absoluteTransformation [-0.560552/0/-0.828119/0][0/1/0/0][0.828119/0/-0.560552/0][242.279/40.9203/-264.492/1]
Object.isOvergrowth 1

Object.create me_shortpalm01
Object.absoluteTransformation [-0.984103/0.000514251/0.1776/0][0.0005/1/-0.000125/0][-0.1776/-3.4213e-005/-0.984103/0][140.035/28.848/-261.394/1]
Object.isOvergrowth 1

Object.create me_palmtree03
Object.absoluteTransformation [0.929638/0.00793145/0.367541/0][-0.0165568/0.999657/0.0203055/0][-0.367254/-0.0249621/0.92945/0][233.223/39.4541/-268.552/1]
Object.isOvergrowth 1

Object.create me_palmtree03
Object.absoluteTransformation [0.298643/0.0180734/0.953443/0][-0.0415259/0.99912/-0.00593227/0][-0.952711/-0.0378209/0.299131/0][225.524/40.0755/-282.048/1]
Object.isOvergrowth 1

Object.create me_palmtree03
Object.absoluteTransformation [-0.996727/-0.0430167/0.0674383/0][-0.0437065/0.999006/-0.0087413/0][-0.0669953/-0.0116602/-0.997617/0][187.176/40.9388/-316.294/1]
Object.isOvergrowth 1

Object.create me_shortpalm01
Object.absoluteTransformation [0.951818/0.00569686/0.306021/0][-0.0112478/0.999803/0.0163718/0][-0.305867/-0.019025/0.951694/0][200.283/35.2723/-309.469/1]
Object.isOvergrowth 1

Object.create me_palmtree02
Object.absoluteTransformation [-0.621235/-0.025694/-0.781781/0][-0.0529235/0.998556/0.00923664/0][0.780414/0.0471127/-0.621698/0][171.834/32.6464/-323.155/1]
Object.isOvergrowth 1

Object.create me_palmtree01
Object.absoluteTransformation [-0.8307/-0.00623565/-0.556681/0][-0.00624987/0.999979/-0.00187496/0][0.556681/0.00192165/-0.830722/0][133.399/32.5504/-273.162/1]
Object.isOvergrowth 1

Object.create me_shortpalm01
Object.absoluteTransformation [-0.701362/0.0100174/-0.712208/0][-0.0124947/0.999574/0.0263638/0][0.712168/0.0273894/-0.700939/0][199.322/33.6064/-301.834/1]
Object.isOvergrowth 1

Object.create me_palmtree02
Object.absoluteTransformation [-0.959816/-0.0143194/0.280248/0][-0.0128736/0.999893/0.00699925/0][-0.280318/0.00311018/-0.959897/0][197.548/37.9127/-311.014/1]
Object.isOvergrowth 1

Object.create me_palmtree02
Object.absoluteTransformation [-0.11951/0.0123757/-0.992584/0][-0.0168708/0.999753/0.0144964/0][0.992518/0.0184782/-0.119272/0][222.999/35.5002/-273.891/1]
Object.isOvergrowth 1

Object.create me_palmtree03
